ID	X	Y	dem
1	59.4375	44.0625	13
2	59.5625	44.0625	14
3	59.4375	43.9375	26
4	59.5625	43.9375	25
5	59.1875	43.8125	37
6	59.3125	43.8125	38
7	59.4375	43.8125	36
8	59.0625	43.6875	42
9	59.1875	43.6875	44
10	59.3125	43.6875	46
11	59.4375	43.6875	46
12	59.5625	43.6875	43
13	59.0625	43.5625	47
14	59.1875	43.5625	48
15	59.3125	43.5625	50
16	59.4375	43.5625	48
17	59.5625	43.5625	47
18	59.0625	43.4375	48
19	59.1875	43.4375	54
20	59.3125	43.4375	51
21	59.4375	43.4375	49
22	59.5625	43.4375	53
23	59.0625	43.3125	52
24	59.1875	43.3125	53
25	59.3125	43.3125	52
26	59.4375	43.3125	56
27	59.0625	43.1875	60
28	59.1875	43.1875	53
29	59.3125	43.1875	58
30	59.4375	43.1875	64
31	59.0625	43.0625	55
32	59.1875	43.0625	56
33	59.3125	43.0625	60
34	59.4375	43.0625	64
35	59.1875	42.9375	58
36	59.3125	42.9375	61
37	59.4375	42.9375	61
38	59.1875	42.8125	61
39	59.3125	42.8125	59
40	59.4375	42.8125	64
41	59.1875	42.6875	67
42	59.3125	42.6875	62
43	59.4375	42.6875	67
44	59.1875	42.5625	67
45	59.3125	42.5625	64
46	59.4375	42.5625	66
47	59.5625	42.5625	71
48	59.4375	42.4375	71
49	59.5625	42.4375	68
50	59.6875	42.4375	80
51	59.8125	42.4375	96
52	59.9375	42.4375	98
53	60.0625	42.4375	111
54	60.1875	42.4375	110
55	59.5625	42.3125	74
56	59.6875	42.3125	74
57	59.8125	42.3125	79
58	59.9375	42.3125	76
59	60.0625	42.3125	94
60	60.1875	42.3125	142
61	59.9375	42.1875	77
62	60.0625	42.1875	78
63	60.1875	42.1875	87
64	60.3125	42.1875	190
65	60.4375	42.1875	258
66	60.1875	42.0625	84
67	60.3125	42.0625	103
68	60.4375	42.0625	200
69	60.5625	42.0625	248
70	60.6875	42.0625	276
71	60.8125	42.0625	262
72	60.1875	41.9375	83
73	60.3125	41.9375	85
74	60.4375	41.9375	82
75	60.5625	41.9375	87
76	60.6875	41.9375	97
77	60.8125	41.9375	100
78	60.9375	41.9375	89
79	60.3125	41.8125	88
80	60.4375	41.8125	89
81	60.5625	41.8125	87
82	60.6875	41.8125	92
83	60.8125	41.8125	92
84	60.9375	41.8125	92
85	60.5625	41.6875	94
86	60.6875	41.6875	91
87	60.8125	41.6875	96
88	60.9375	41.6875	97
89	60.6875	41.5625	98
90	60.8125	41.5625	94
91	60.9375	41.5625	97
92	61.0625	41.5625	102
93	60.8125	41.4375	102
94	60.9375	41.4375	101
95	61.0625	41.4375	99
96	61.1875	41.4375	103
97	61.3125	41.4375	113
98	61.4375	41.4375	118
99	60.9375	41.3125	104
100	61.0625	41.3125	106
101	61.1875	41.3125	104
102	61.3125	41.3125	112
103	61.4375	41.3125	126
104	61.5625	41.3125	134
105	61.6875	41.3125	146
106	61.1875	41.1875	111
107	61.3125	41.1875	110
108	61.4375	41.1875	117
109	61.5625	41.1875	128
110	61.6875	41.1875	120
111	61.8125	41.1875	139
112	61.9375	41.1875	141
113	61.4375	41.0625	116
114	61.5625	41.0625	126
115	61.6875	41.0625	136
116	61.8125	41.0625	132
117	61.9375	41.0625	132
118	62.0625	41.0625	149
119	61.4375	40.9375	127
120	61.5625	40.9375	130
121	61.6875	40.9375	136
122	61.8125	40.9375	146
123	61.9375	40.9375	131
124	62.0625	40.9375	143
125	62.1875	40.9375	153
126	61.6875	40.8125	139
127	61.8125	40.8125	139
128	61.9375	40.8125	141
129	62.0625	40.8125	141
130	62.1875	40.8125	156
131	62.3125	40.8125	157
132	61.8125	40.6875	137
133	61.9375	40.6875	148
134	62.0625	40.6875	141
135	62.1875	40.6875	158
136	62.3125	40.6875	160
137	62.4375	40.6875	166
138	62.0625	40.5625	151
139	62.1875	40.5625	150
140	62.3125	40.5625	164
141	62.4375	40.5625	167
142	62.5625	40.5625	171
143	62.6875	40.5625	174
144	62.0625	40.4375	161
145	62.1875	40.4375	149
146	62.3125	40.4375	149
147	62.4375	40.4375	165
148	62.5625	40.4375	171
149	62.6875	40.4375	175
150	62.8125	40.4375	176
151	62.9375	40.4375	176
152	63.0625	40.4375	176
153	65.3125	40.4375	560
154	65.4375	40.4375	574
155	65.5625	40.4375	626
156	65.8125	40.4375	998
157	65.9375	40.4375	1058
158	66.0625	40.4375	868
159	66.4375	40.4375	1078
160	66.5625	40.4375	1377
161	66.6875	40.4375	1497
162	66.8125	40.4375	1354
163	66.9375	40.4375	1284
164	67.0625	40.4375	814
165	62.0625	40.3125	165
166	62.1875	40.3125	166
167	62.3125	40.3125	157
168	62.4375	40.3125	161
169	62.5625	40.3125	172
170	62.6875	40.3125	176
171	62.8125	40.3125	176
172	62.9375	40.3125	176
173	63.0625	40.3125	176
174	63.1875	40.3125	178
175	63.3125	40.3125	180
176	63.4375	40.3125	184
177	63.5625	40.3125	186
178	63.6875	40.3125	187
179	65.1875	40.3125	355
180	65.3125	40.3125	404
181	65.4375	40.3125	516
182	65.5625	40.3125	699
183	65.6875	40.3125	848
184	65.8125	40.3125	921
185	65.9375	40.3125	946
186	66.0625	40.3125	956
187	66.1875	40.3125	1000
188	66.3125	40.3125	1090
189	66.4375	40.3125	1067
190	66.5625	40.3125	929
191	66.6875	40.3125	892
192	66.8125	40.3125	884
193	66.9375	40.3125	901
194	67.0625	40.3125	974
195	67.1875	40.3125	1117
196	67.3125	40.3125	1155
197	67.4375	40.3125	776
198	62.1875	40.1875	175
199	62.3125	40.1875	176
200	62.4375	40.1875	162
201	62.5625	40.1875	174
202	62.6875	40.1875	176
203	62.8125	40.1875	175
204	62.9375	40.1875	176
205	63.0625	40.1875	176
206	63.1875	40.1875	177
207	63.3125	40.1875	179
208	63.4375	40.1875	183
209	63.5625	40.1875	188
210	63.6875	40.1875	193
211	63.8125	40.1875	195
212	63.9375	40.1875	199
213	64.6875	40.1875	256
214	64.8125	40.1875	267
215	64.9375	40.1875	287
216	65.0625	40.1875	308
217	65.1875	40.1875	316
218	65.3125	40.1875	331
219	65.4375	40.1875	370
220	65.5625	40.1875	412
221	65.6875	40.1875	471
222	65.8125	40.1875	542
223	65.9375	40.1875	577
224	66.0625	40.1875	593
225	66.1875	40.1875	666
226	66.3125	40.1875	760
227	66.4375	40.1875	844
228	66.5625	40.1875	808
229	66.6875	40.1875	745
230	66.8125	40.1875	753
231	66.9375	40.1875	815
232	67.0625	40.1875	778
233	67.1875	40.1875	850
234	67.3125	40.1875	1007
235	67.4375	40.1875	993
236	62.1875	40.0625	179
237	62.3125	40.0625	180
238	62.4375	40.0625	167
239	62.5625	40.0625	177
240	62.6875	40.0625	176
241	62.8125	40.0625	175
242	62.9375	40.0625	175
243	63.0625	40.0625	177
244	63.1875	40.0625	178
245	63.3125	40.0625	180
246	63.4375	40.0625	186
247	63.5625	40.0625	189
248	63.6875	40.0625	193
249	63.8125	40.0625	197
250	63.9375	40.0625	201
251	64.0625	40.0625	205
252	64.4375	40.0625	232
253	64.5625	40.0625	242
254	64.6875	40.0625	250
255	64.8125	40.0625	261
256	64.9375	40.0625	309
257	65.0625	40.0625	354
258	65.1875	40.0625	395
259	65.3125	40.0625	420
260	65.4375	40.0625	450
261	65.5625	40.0625	467
262	65.6875	40.0625	392
263	65.8125	40.0625	401
264	65.9375	40.0625	420
265	66.0625	40.0625	446
266	66.1875	40.0625	486
267	66.3125	40.0625	518
268	66.4375	40.0625	553
269	66.5625	40.0625	576
270	66.6875	40.0625	595
271	66.8125	40.0625	671
272	66.9375	40.0625	769
273	67.0625	40.0625	755
274	67.1875	40.0625	732
275	67.3125	40.0625	769
276	67.4375	40.0625	699
277	62.1875	39.9375	180
278	62.3125	39.9375	181
279	62.4375	39.9375	173
280	62.5625	39.9375	185
281	62.6875	39.9375	177
282	62.8125	39.9375	177
283	62.9375	39.9375	176
284	63.0625	39.9375	175
285	63.1875	39.9375	179
286	63.3125	39.9375	180
287	63.4375	39.9375	184
288	63.5625	39.9375	189
289	63.6875	39.9375	193
290	63.8125	39.9375	197
291	63.9375	39.9375	202
292	64.0625	39.9375	208
293	64.1875	39.9375	215
294	64.3125	39.9375	219
295	64.4375	39.9375	222
296	64.5625	39.9375	231
297	64.6875	39.9375	241
298	64.8125	39.9375	240
299	64.9375	39.9375	258
300	65.0625	39.9375	339
301	65.1875	39.9375	410
302	65.3125	39.9375	487
303	65.4375	39.9375	554
304	65.5625	39.9375	556
305	65.6875	39.9375	466
306	65.8125	39.9375	457
307	65.9375	39.9375	458
308	66.0625	39.9375	458
309	66.1875	39.9375	457
310	66.3125	39.9375	485
311	66.4375	39.9375	500
312	66.5625	39.9375	522
313	66.6875	39.9375	550
314	66.8125	39.9375	583
315	66.9375	39.9375	628
316	67.0625	39.9375	760
317	67.1875	39.9375	1039
318	67.3125	39.9375	1101
319	67.4375	39.9375	792
320	62.1875	39.8125	191
321	62.3125	39.8125	187
322	62.4375	39.8125	175
323	62.5625	39.8125	160
324	62.6875	39.8125	173
325	62.8125	39.8125	177
326	62.9375	39.8125	177
327	63.0625	39.8125	178
328	63.1875	39.8125	178
329	63.3125	39.8125	177
330	63.4375	39.8125	181
331	63.5625	39.8125	187
332	63.6875	39.8125	195
333	63.8125	39.8125	198
334	63.9375	39.8125	201
335	64.0625	39.8125	206
336	64.1875	39.8125	211
337	64.3125	39.8125	212
338	64.4375	39.8125	224
339	64.5625	39.8125	226
340	64.6875	39.8125	218
341	64.8125	39.8125	208
342	64.9375	39.8125	224
343	65.0625	39.8125	271
344	65.1875	39.8125	290
345	65.3125	39.8125	326
346	65.4375	39.8125	376
347	65.5625	39.8125	479
348	65.6875	39.8125	672
349	65.8125	39.8125	739
350	65.9375	39.8125	811
351	66.0625	39.8125	608
352	66.1875	39.8125	507
353	66.3125	39.8125	518
354	66.4375	39.8125	570
355	66.5625	39.8125	567
356	66.6875	39.8125	576
357	66.8125	39.8125	599
358	66.9375	39.8125	631
359	67.0625	39.8125	676
360	67.1875	39.8125	752
361	67.3125	39.8125	829
362	67.4375	39.8125	818
363	67.5625	39.8125	852
364	67.6875	39.8125	940
365	71.6875	39.8125	3952
366	71.8125	39.8125	4063
367	72.5625	39.8125	4174
368	72.6875	39.8125	4117
369	72.8125	39.8125	4103
370	72.9375	39.8125	3895
371	73.0625	39.8125	3856
372	73.1875	39.8125	3432
373	73.3125	39.8125	3184
374	73.4375	39.8125	3435
375	73.5625	39.8125	3853
376	73.6875	39.8125	3582
377	62.1875	39.6875	203
378	62.3125	39.6875	177
379	62.4375	39.6875	175
380	62.5625	39.6875	170
381	62.6875	39.6875	165
382	62.8125	39.6875	169
383	62.9375	39.6875	174
384	63.0625	39.6875	177
385	63.1875	39.6875	178
386	63.3125	39.6875	181
387	63.4375	39.6875	182
388	63.5625	39.6875	177
389	63.6875	39.6875	196
390	63.8125	39.6875	200
391	63.9375	39.6875	200
392	64.0625	39.6875	200
393	64.1875	39.6875	202
394	64.3125	39.6875	208
395	64.4375	39.6875	214
396	64.5625	39.6875	214
397	64.6875	39.6875	225
398	64.8125	39.6875	228
399	64.9375	39.6875	243
400	65.0625	39.6875	278
401	65.1875	39.6875	276
402	65.3125	39.6875	285
403	65.4375	39.6875	315
404	65.5625	39.6875	376
405	65.6875	39.6875	488
406	65.8125	39.6875	585
407	65.9375	39.6875	649
408	66.0625	39.6875	610
409	66.1875	39.6875	538
410	66.3125	39.6875	540
411	66.4375	39.6875	600
412	66.5625	39.6875	633
413	66.6875	39.6875	644
414	66.8125	39.6875	665
415	66.9375	39.6875	678
416	67.0625	39.6875	702
417	67.1875	39.6875	740
418	67.3125	39.6875	783
419	67.4375	39.6875	835
420	67.5625	39.6875	1108
421	67.6875	39.6875	1857
422	67.8125	39.6875	1991
423	67.9375	39.6875	1679
424	71.5625	39.6875	4140
425	71.6875	39.6875	4010
426	71.8125	39.6875	3858
427	71.9375	39.6875	3781
428	72.0625	39.6875	3820
429	72.1875	39.6875	3652
430	72.3125	39.6875	3680
431	72.4375	39.6875	3506
432	72.5625	39.6875	3589
433	72.6875	39.6875	3205
434	72.8125	39.6875	3090
435	72.9375	39.6875	3077
436	73.0625	39.6875	3176
437	73.1875	39.6875	3224
438	73.3125	39.6875	3216
439	73.4375	39.6875	3292
440	73.5625	39.6875	3481
441	73.6875	39.6875	3604
442	62.3125	39.5625	178
443	62.4375	39.5625	176
444	62.5625	39.5625	175
445	62.6875	39.5625	174
446	62.8125	39.5625	174
447	62.9375	39.5625	167
448	63.0625	39.5625	175
449	63.1875	39.5625	178
450	63.3125	39.5625	180
451	63.4375	39.5625	181
452	63.5625	39.5625	183
453	63.6875	39.5625	189
454	63.8125	39.5625	194
455	63.9375	39.5625	197
456	64.0625	39.5625	199
457	64.1875	39.5625	204
458	64.3125	39.5625	209
459	64.4375	39.5625	216
460	64.5625	39.5625	220
461	64.6875	39.5625	236
462	64.8125	39.5625	259
463	64.9375	39.5625	290
464	65.0625	39.5625	290
465	65.1875	39.5625	269
466	65.3125	39.5625	274
467	65.4375	39.5625	293
468	65.5625	39.5625	325
469	65.6875	39.5625	362
470	65.8125	39.5625	381
471	65.9375	39.5625	410
472	66.0625	39.5625	458
473	66.1875	39.5625	472
474	66.3125	39.5625	521
475	66.4375	39.5625	629
476	66.5625	39.5625	728
477	66.6875	39.5625	783
478	66.8125	39.5625	829
479	66.9375	39.5625	811
480	67.0625	39.5625	771
481	67.1875	39.5625	772
482	67.3125	39.5625	821
483	67.4375	39.5625	981
484	67.5625	39.5625	1389
485	67.6875	39.5625	1646
486	67.8125	39.5625	1667
487	67.9375	39.5625	2077
488	68.0625	39.5625	2359
489	68.1875	39.5625	2576
490	68.3125	39.5625	2732
491	68.4375	39.5625	2740
492	68.5625	39.5625	3099
493	68.6875	39.5625	2974
494	68.8125	39.5625	3127
495	69.1875	39.5625	3050
496	69.3125	39.5625	3266
497	69.4375	39.5625	3412
498	69.5625	39.5625	3614
499	69.6875	39.5625	3893
500	69.8125	39.5625	3705
501	69.9375	39.5625	3965
502	70.0625	39.5625	3914
503	70.1875	39.5625	4084
504	70.3125	39.5625	4006
505	70.4375	39.5625	4159
506	70.5625	39.5625	4197
507	70.6875	39.5625	3941
508	71.0625	39.5625	3333
509	71.1875	39.5625	3741
510	71.3125	39.5625	4007
511	71.4375	39.5625	3948
512	71.5625	39.5625	3908
513	71.6875	39.5625	3466
514	71.8125	39.5625	3261
515	71.9375	39.5625	3021
516	72.0625	39.5625	3001
517	72.1875	39.5625	2979
518	72.3125	39.5625	2747
519	72.4375	39.5625	2728
520	72.5625	39.5625	2835
521	72.6875	39.5625	2983
522	72.8125	39.5625	3142
523	72.9375	39.5625	3248
524	73.0625	39.5625	3274
525	73.1875	39.5625	3339
526	73.3125	39.5625	3499
527	73.4375	39.5625	3739
528	73.5625	39.5625	3982
529	73.6875	39.5625	3975
530	62.3125	39.4375	183
531	62.4375	39.4375	181
532	62.5625	39.4375	176
533	62.6875	39.4375	175
534	62.8125	39.4375	173
535	62.9375	39.4375	171
536	63.0625	39.4375	189
537	63.1875	39.4375	185
538	63.3125	39.4375	181
539	63.4375	39.4375	183
540	63.5625	39.4375	185
541	63.6875	39.4375	188
542	63.8125	39.4375	190
543	63.9375	39.4375	196
544	64.0625	39.4375	201
545	64.1875	39.4375	205
546	64.3125	39.4375	204
547	64.4375	39.4375	218
548	64.5625	39.4375	230
549	64.6875	39.4375	236
550	64.8125	39.4375	249
551	64.9375	39.4375	262
552	65.0625	39.4375	267
553	65.1875	39.4375	275
554	65.3125	39.4375	284
555	65.4375	39.4375	292
556	65.5625	39.4375	301
557	65.6875	39.4375	322
558	65.8125	39.4375	348
559	65.9375	39.4375	376
560	66.0625	39.4375	413
561	66.1875	39.4375	461
562	66.3125	39.4375	540
563	66.4375	39.4375	735
564	66.5625	39.4375	1179
565	66.6875	39.4375	1373
566	66.8125	39.4375	1537
567	66.9375	39.4375	1283
568	67.0625	39.4375	920
569	67.1875	39.4375	920
570	67.3125	39.4375	945
571	67.4375	39.4375	1111
572	67.5625	39.4375	1263
573	67.6875	39.4375	1263
574	67.8125	39.4375	1295
575	67.9375	39.4375	1378
576	68.0625	39.4375	1554
577	68.1875	39.4375	1885
578	68.3125	39.4375	1943
579	68.4375	39.4375	2033
580	68.5625	39.4375	2282
581	68.6875	39.4375	2553
582	68.8125	39.4375	2945
583	68.9375	39.4375	2822
584	69.0625	39.4375	2832
585	69.1875	39.4375	2772
586	69.3125	39.4375	2853
587	69.4375	39.4375	2936
588	69.5625	39.4375	2888
589	69.6875	39.4375	3110
590	69.8125	39.4375	3052
591	69.9375	39.4375	3186
592	70.0625	39.4375	3292
593	70.1875	39.4375	3402
594	70.3125	39.4375	3574
595	70.4375	39.4375	3574
596	70.5625	39.4375	3676
597	70.6875	39.4375	3511
598	70.8125	39.4375	3744
599	70.9375	39.4375	3788
600	71.0625	39.4375	3853
601	71.1875	39.4375	3214
602	71.3125	39.4375	3387
603	71.4375	39.4375	3604
604	71.5625	39.4375	3617
605	71.6875	39.4375	2819
606	71.8125	39.4375	2777
607	71.9375	39.4375	2994
608	72.0625	39.4375	3369
609	72.1875	39.4375	3314
610	72.3125	39.4375	3288
611	72.4375	39.4375	3412
612	72.5625	39.4375	3638
613	72.6875	39.4375	3930
614	72.8125	39.4375	4063
615	72.9375	39.4375	4394
616	73.0625	39.4375	4563
617	73.1875	39.4375	4158
618	73.3125	39.4375	4297
619	73.4375	39.4375	4709
620	73.5625	39.4375	5085
621	62.3125	39.3125	186
622	62.4375	39.3125	184
623	62.5625	39.3125	177
624	62.6875	39.3125	174
625	62.8125	39.3125	172
626	62.9375	39.3125	168
627	63.0625	39.3125	174
628	63.1875	39.3125	182
629	63.3125	39.3125	177
630	63.4375	39.3125	184
631	63.5625	39.3125	185
632	63.6875	39.3125	186
633	63.8125	39.3125	185
634	63.9375	39.3125	182
635	64.0625	39.3125	213
636	64.1875	39.3125	238
637	64.3125	39.3125	233
638	64.4375	39.3125	229
639	64.5625	39.3125	232
640	64.6875	39.3125	244
641	64.8125	39.3125	251
642	64.9375	39.3125	262
643	65.0625	39.3125	275
644	65.1875	39.3125	285
645	65.3125	39.3125	296
646	65.4375	39.3125	304
647	65.5625	39.3125	311
648	65.6875	39.3125	331
649	65.8125	39.3125	367
650	65.9375	39.3125	393
651	66.0625	39.3125	412
652	66.1875	39.3125	453
653	66.3125	39.3125	521
654	66.4375	39.3125	701
655	66.5625	39.3125	806
656	66.6875	39.3125	825
657	66.8125	39.3125	1277
658	66.9375	39.3125	1491
659	67.0625	39.3125	1547
660	67.1875	39.3125	1724
661	67.3125	39.3125	1755
662	67.4375	39.3125	1979
663	67.5625	39.3125	2194
664	67.6875	39.3125	1926
665	67.8125	39.3125	2077
666	67.9375	39.3125	2656
667	68.0625	39.3125	2112
668	68.1875	39.3125	3004
669	68.3125	39.3125	3305
670	68.4375	39.3125	3199
671	68.5625	39.3125	2391
672	68.6875	39.3125	2974
673	68.8125	39.3125	2874
674	68.9375	39.3125	3014
675	69.0625	39.3125	3080
676	69.1875	39.3125	3216
677	69.3125	39.3125	3234
678	69.4375	39.3125	3400
679	69.5625	39.3125	3645
680	69.6875	39.3125	3648
681	69.8125	39.3125	3763
682	69.9375	39.3125	3391
683	70.0625	39.3125	3521
684	70.1875	39.3125	3444
685	70.3125	39.3125	3012
686	70.4375	39.3125	3413
687	70.5625	39.3125	3261
688	70.6875	39.3125	2785
689	70.8125	39.3125	3129
690	70.9375	39.3125	2966
691	71.0625	39.3125	3534
692	71.1875	39.3125	2722
693	71.3125	39.3125	2817
694	71.4375	39.3125	2610
695	71.5625	39.3125	2437
696	71.6875	39.3125	3029
697	71.8125	39.3125	3976
698	71.9375	39.3125	4432
699	72.0625	39.3125	4582
700	72.1875	39.3125	4282
701	72.3125	39.3125	4116
702	72.4375	39.3125	4425
703	72.5625	39.3125	4582
704	72.6875	39.3125	4540
705	72.8125	39.3125	5300
706	72.9375	39.3125	5553
707	73.0625	39.3125	5440
708	73.1875	39.3125	4862
709	73.3125	39.3125	4217
710	62.4375	39.1875	183
711	62.5625	39.1875	178
712	62.6875	39.1875	172
713	62.8125	39.1875	169
714	62.9375	39.1875	174
715	63.0625	39.1875	172
716	63.1875	39.1875	179
717	63.3125	39.1875	181
718	63.4375	39.1875	179
719	63.5625	39.1875	182
720	63.6875	39.1875	184
721	63.8125	39.1875	182
722	63.9375	39.1875	179
723	64.0625	39.1875	176
724	64.1875	39.1875	232
725	64.3125	39.1875	252
726	64.4375	39.1875	255
727	64.5625	39.1875	245
728	64.6875	39.1875	254
729	64.8125	39.1875	260
730	64.9375	39.1875	270
731	65.0625	39.1875	281
732	65.1875	39.1875	292
733	65.3125	39.1875	304
734	65.4375	39.1875	315
735	65.5625	39.1875	325
736	65.6875	39.1875	340
737	65.8125	39.1875	372
738	65.9375	39.1875	401
739	66.0625	39.1875	424
740	66.1875	39.1875	459
741	66.3125	39.1875	501
742	66.4375	39.1875	558
743	66.5625	39.1875	614
744	66.6875	39.1875	639
745	66.8125	39.1875	729
746	66.9375	39.1875	850
747	67.0625	39.1875	997
748	67.1875	39.1875	1486
749	67.3125	39.1875	1890
750	67.4375	39.1875	2129
751	67.5625	39.1875	2412
752	67.6875	39.1875	2629
753	67.8125	39.1875	2615
754	67.9375	39.1875	3044
755	68.0625	39.1875	2777
756	68.1875	39.1875	3703
757	68.3125	39.1875	3386
758	68.4375	39.1875	2742
759	68.5625	39.1875	2412
760	68.6875	39.1875	2829
761	68.8125	39.1875	3094
762	68.9375	39.1875	3098
763	69.0625	39.1875	3244
764	69.1875	39.1875	3302
765	69.3125	39.1875	3354
766	69.4375	39.1875	3111
767	69.5625	39.1875	3440
768	69.6875	39.1875	3692
769	69.8125	39.1875	3489
770	69.9375	39.1875	3391
771	70.0625	39.1875	3087
772	70.1875	39.1875	2243
773	70.3125	39.1875	2634
774	70.4375	39.1875	2864
775	70.5625	39.1875	3119
776	70.6875	39.1875	2693
777	70.8125	39.1875	1930
778	70.9375	39.1875	2340
779	71.0625	39.1875	2497
780	71.1875	39.1875	2230
781	71.3125	39.1875	2437
782	71.4375	39.1875	2859
783	71.5625	39.1875	2597
784	71.6875	39.1875	3377
785	71.8125	39.1875	3717
786	71.9375	39.1875	3952
787	72.0625	39.1875	3663
788	72.1875	39.1875	3807
789	72.3125	39.1875	3545
790	72.4375	39.1875	4083
791	72.5625	39.1875	4386
792	72.6875	39.1875	4734
793	72.8125	39.1875	4767
794	72.9375	39.1875	4875
795	62.5625	39.0625	174
796	62.6875	39.0625	174
797	62.8125	39.0625	175
798	62.9375	39.0625	180
799	63.0625	39.0625	178
800	63.1875	39.0625	184
801	63.3125	39.0625	187
802	63.4375	39.0625	186
803	63.5625	39.0625	187
804	63.6875	39.0625	188
805	63.8125	39.0625	195
806	63.9375	39.0625	189
807	64.0625	39.0625	188
808	64.1875	39.0625	179
809	64.3125	39.0625	217
810	64.4375	39.0625	267
811	64.8125	39.0625	280
812	64.9375	39.0625	277
813	65.0625	39.0625	288
814	65.1875	39.0625	301
815	65.3125	39.0625	315
816	65.4375	39.0625	326
817	65.5625	39.0625	338
818	65.6875	39.0625	353
819	65.8125	39.0625	379
820	65.9375	39.0625	411
821	66.0625	39.0625	438
822	66.1875	39.0625	461
823	66.3125	39.0625	491
824	66.4375	39.0625	515
825	66.5625	39.0625	532
826	66.6875	39.0625	559
827	66.8125	39.0625	614
828	66.9375	39.0625	710
829	67.0625	39.0625	1015
830	67.1875	39.0625	1484
831	67.3125	39.0625	1813
832	67.4375	39.0625	2324
833	67.5625	39.0625	3247
834	67.6875	39.0625	3406
835	67.8125	39.0625	3501
836	67.9375	39.0625	3532
837	68.0625	39.0625	3434
838	68.1875	39.0625	3411
839	68.3125	39.0625	2974
840	68.4375	39.0625	3057
841	68.5625	39.0625	3543
842	68.6875	39.0625	3152
843	68.8125	39.0625	2850
844	68.9375	39.0625	3228
845	69.0625	39.0625	3668
846	69.1875	39.0625	3345
847	69.3125	39.0625	3015
848	69.4375	39.0625	2924
849	69.5625	39.0625	3491
850	69.6875	39.0625	3424
851	69.8125	39.0625	3223
852	69.9375	39.0625	3252
853	70.0625	39.0625	2115
854	70.1875	39.0625	1767
855	70.3125	39.0625	2292
856	70.4375	39.0625	1910
857	70.5625	39.0625	1893
858	70.6875	39.0625	1974
859	70.8125	39.0625	2268
860	70.9375	39.0625	2731
861	71.0625	39.0625	3036
862	71.1875	39.0625	3254
863	71.3125	39.0625	3537
864	71.4375	39.0625	4090
865	71.5625	39.0625	3960
866	71.6875	39.0625	3727
867	71.8125	39.0625	4313
868	71.9375	39.0625	4387
869	72.0625	39.0625	4777
870	72.1875	39.0625	4796
871	72.3125	39.0625	3779
872	72.4375	39.0625	4194
873	72.5625	39.0625	4261
874	72.6875	39.0625	4677
875	72.8125	39.0625	5016
876	72.9375	39.0625	4893
877	62.8125	38.9375	181
878	62.9375	38.9375	184
879	63.0625	38.9375	186
880	63.1875	38.9375	188
881	63.3125	38.9375	190
882	63.4375	38.9375	192
883	63.5625	38.9375	192
884	63.6875	38.9375	193
885	63.8125	38.9375	192
886	63.9375	38.9375	195
887	64.0625	38.9375	198
888	64.1875	38.9375	206
889	64.3125	38.9375	232
890	64.4375	38.9375	264
891	64.5625	38.9375	258
892	64.6875	38.9375	259
893	64.8125	38.9375	275
894	64.9375	38.9375	280
895	65.0625	38.9375	290
896	65.1875	38.9375	303
897	65.3125	38.9375	316
898	65.4375	38.9375	330
899	65.5625	38.9375	346
900	65.6875	38.9375	361
901	65.8125	38.9375	395
902	65.9375	38.9375	424
903	66.0625	38.9375	439
904	66.1875	38.9375	459
905	66.3125	38.9375	467
906	66.4375	38.9375	490
907	66.5625	38.9375	536
908	66.6875	38.9375	601
909	66.8125	38.9375	717
910	66.9375	38.9375	885
911	67.0625	38.9375	1092
912	67.1875	38.9375	1411
913	67.3125	38.9375	2119
914	67.4375	38.9375	3140
915	67.5625	38.9375	3226
916	67.6875	38.9375	2578
917	67.8125	38.9375	3018
918	67.9375	38.9375	2964
919	68.0625	38.9375	2827
920	68.1875	38.9375	3722
921	68.3125	38.9375	3272
922	68.4375	38.9375	3427
923	68.5625	38.9375	3645
924	68.6875	38.9375	3083
925	68.8125	38.9375	2448
926	68.9375	38.9375	2875
927	69.0625	38.9375	3305
928	69.1875	38.9375	2916
929	69.3125	38.9375	2265
930	69.4375	38.9375	3070
931	69.5625	38.9375	2720
932	69.6875	38.9375	2828
933	69.8125	38.9375	2628
934	69.9375	38.9375	2307
935	70.0625	38.9375	1617
936	70.1875	38.9375	1889
937	70.3125	38.9375	2402
938	70.4375	38.9375	2611
939	70.5625	38.9375	3209
940	70.6875	38.9375	3540
941	70.8125	38.9375	3233
942	70.9375	38.9375	2819
943	71.0625	38.9375	3003
944	71.1875	38.9375	3706
945	71.3125	38.9375	3995
946	71.4375	38.9375	3980
947	71.5625	38.9375	3730
948	71.6875	38.9375	4288
949	71.8125	38.9375	4889
950	71.9375	38.9375	4817
951	72.0625	38.9375	5148
952	72.1875	38.9375	4490
953	72.3125	38.9375	4316
954	72.4375	38.9375	4746
955	72.5625	38.9375	4944
956	72.6875	38.9375	4397
957	72.8125	38.9375	4612
958	72.9375	38.9375	4835
959	73.0625	38.9375	4713
960	62.6875	38.8125	180
961	62.8125	38.8125	183
962	62.9375	38.8125	186
963	63.0625	38.8125	189
964	63.1875	38.8125	190
965	63.3125	38.8125	192
966	63.4375	38.8125	194
967	63.5625	38.8125	197
968	63.6875	38.8125	199
969	63.8125	38.8125	200
970	63.9375	38.8125	194
971	64.0625	38.8125	207
972	64.1875	38.8125	210
973	64.3125	38.8125	220
974	64.4375	38.8125	233
975	64.5625	38.8125	239
976	64.6875	38.8125	265
977	64.8125	38.8125	266
978	64.9375	38.8125	279
979	65.0625	38.8125	293
980	65.1875	38.8125	299
981	65.3125	38.8125	310
982	65.4375	38.8125	325
983	65.5625	38.8125	339
984	65.6875	38.8125	359
985	65.8125	38.8125	382
986	65.9375	38.8125	401
987	66.0625	38.8125	419
988	66.1875	38.8125	437
989	66.3125	38.8125	457
990	66.4375	38.8125	498
991	66.5625	38.8125	585
992	66.6875	38.8125	807
993	66.8125	38.8125	1223
994	66.9375	38.8125	1713
995	67.0625	38.8125	1943
996	67.1875	38.8125	2235
997	67.3125	38.8125	2439
998	67.4375	38.8125	2983
999	67.5625	38.8125	3102
1000	67.6875	38.8125	2182
1001	67.8125	38.8125	2001
1002	67.9375	38.8125	2340
1003	68.0625	38.8125	3185
1004	68.1875	38.8125	2974
1005	68.3125	38.8125	2628
1006	68.4375	38.8125	2673
1007	68.5625	38.8125	2649
1008	68.6875	38.8125	2293
1009	68.8125	38.8125	1737
1010	68.9375	38.8125	2161
1011	69.0625	38.8125	2690
1012	69.1875	38.8125	2601
1013	69.3125	38.8125	2016
1014	69.4375	38.8125	2111
1015	69.5625	38.8125	2296
1016	69.6875	38.8125	2280
1017	69.8125	38.8125	1622
1018	69.9375	38.8125	1753
1019	70.0625	38.8125	2066
1020	70.1875	38.8125	1984
1021	70.3125	38.8125	2081
1022	70.4375	38.8125	2815
1023	70.5625	38.8125	3018
1024	70.6875	38.8125	2347
1025	70.8125	38.8125	2501
1026	70.9375	38.8125	3067
1027	71.0625	38.8125	3334
1028	71.1875	38.8125	3221
1029	71.3125	38.8125	3327
1030	71.4375	38.8125	3627
1031	71.5625	38.8125	3379
1032	71.6875	38.8125	3707
1033	71.8125	38.8125	4071
1034	71.9375	38.8125	4257
1035	72.0625	38.8125	4890
1036	72.1875	38.8125	4380
1037	72.3125	38.8125	4796
1038	72.4375	38.8125	5043
1039	72.5625	38.8125	4900
1040	72.6875	38.8125	4962
1041	72.8125	38.8125	4809
1042	72.9375	38.8125	4891
1043	73.0625	38.8125	4614
1044	73.1875	38.8125	4335
1045	62.6875	38.6875	182
1046	62.8125	38.6875	185
1047	62.9375	38.6875	188
1048	63.0625	38.6875	190
1049	63.1875	38.6875	193
1050	63.3125	38.6875	194
1051	63.4375	38.6875	197
1052	63.5625	38.6875	200
1053	63.6875	38.6875	202
1054	63.8125	38.6875	203
1055	63.9375	38.6875	200
1056	64.0625	38.6875	198
1057	64.1875	38.6875	209
1058	64.3125	38.6875	217
1059	64.4375	38.6875	230
1060	64.5625	38.6875	246
1061	64.6875	38.6875	281
1062	64.8125	38.6875	265
1063	64.9375	38.6875	283
1064	65.0625	38.6875	293
1065	65.1875	38.6875	292
1066	65.3125	38.6875	303
1067	65.4375	38.6875	315
1068	65.5625	38.6875	329
1069	65.6875	38.6875	352
1070	65.8125	38.6875	383
1071	65.9375	38.6875	416
1072	66.0625	38.6875	447
1073	66.1875	38.6875	472
1074	66.3125	38.6875	489
1075	66.4375	38.6875	608
1076	66.5625	38.6875	828
1077	66.6875	38.6875	1187
1078	66.8125	38.6875	1787
1079	66.9375	38.6875	2296
1080	67.0625	38.6875	2186
1081	67.1875	38.6875	2241
1082	67.3125	38.6875	2918
1083	67.4375	38.6875	3207
1084	67.5625	38.6875	2839
1085	67.6875	38.6875	2213
1086	67.8125	38.6875	1455
1087	67.9375	38.6875	2349
1088	68.0625	38.6875	2022
1089	68.1875	38.6875	1930
1090	68.3125	38.6875	1653
1091	68.4375	38.6875	1872
1092	68.5625	38.6875	1517
1093	68.6875	38.6875	1379
1094	68.8125	38.6875	1396
1095	68.9375	38.6875	1958
1096	69.0625	38.6875	1800
1097	69.1875	38.6875	1596
1098	69.3125	38.6875	1737
1099	69.4375	38.6875	2267
1100	69.5625	38.6875	2136
1101	69.6875	38.6875	1794
1102	69.8125	38.6875	1664
1103	69.9375	38.6875	2110
1104	70.0625	38.6875	2333
1105	70.1875	38.6875	2532
1106	70.3125	38.6875	2418
1107	70.4375	38.6875	2129
1108	70.5625	38.6875	2321
1109	70.6875	38.6875	2570
1110	70.8125	38.6875	3125
1111	70.9375	38.6875	3295
1112	71.0625	38.6875	3940
1113	71.1875	38.6875	3538
1114	71.3125	38.6875	3436
1115	71.4375	38.6875	4021
1116	71.5625	38.6875	4265
1117	71.6875	38.6875	4105
1118	71.8125	38.6875	4202
1119	71.9375	38.6875	3616
1120	72.0625	38.6875	3587
1121	72.1875	38.6875	4359
1122	72.3125	38.6875	4922
1123	72.4375	38.6875	4933
1124	72.5625	38.6875	4384
1125	72.6875	38.6875	4252
1126	72.8125	38.6875	4238
1127	72.9375	38.6875	4315
1128	73.0625	38.6875	4467
1129	73.1875	38.6875	4145
1130	73.3125	38.6875	4704
1131	73.4375	38.6875	4692
1132	73.5625	38.6875	4375
1133	73.6875	38.6875	4562
1134	74.0625	38.6875	4300
1135	74.1875	38.6875	4506
1136	74.3125	38.6875	4577
1137	74.4375	38.6875	4624
1138	74.5625	38.6875	4500
1139	62.6875	38.5625	183
1140	62.8125	38.5625	185
1141	62.9375	38.5625	189
1142	63.0625	38.5625	191
1143	63.1875	38.5625	194
1144	63.3125	38.5625	196
1145	63.4375	38.5625	199
1146	63.5625	38.5625	201
1147	63.6875	38.5625	204
1148	63.8125	38.5625	206
1149	63.9375	38.5625	206
1150	64.0625	38.5625	204
1151	64.1875	38.5625	207
1152	64.3125	38.5625	213
1153	64.4375	38.5625	222
1154	64.5625	38.5625	239
1155	64.6875	38.5625	277
1156	64.8125	38.5625	287
1157	64.9375	38.5625	278
1158	65.0625	38.5625	276
1159	65.1875	38.5625	287
1160	65.3125	38.5625	297
1161	65.4375	38.5625	317
1162	65.5625	38.5625	347
1163	65.6875	38.5625	359
1164	65.8125	38.5625	402
1165	65.9375	38.5625	442
1166	66.0625	38.5625	506
1167	66.1875	38.5625	551
1168	66.3125	38.5625	625
1169	66.4375	38.5625	750
1170	66.5625	38.5625	896
1171	66.6875	38.5625	1083
1172	66.8125	38.5625	1463
1173	66.9375	38.5625	1779
1174	67.0625	38.5625	2263
1175	67.1875	38.5625	2526
1176	67.3125	38.5625	2605
1177	67.4375	38.5625	2395
1178	67.5625	38.5625	1964
1179	67.6875	38.5625	1945
1180	67.8125	38.5625	1228
1181	67.9375	38.5625	1284
1182	68.0625	38.5625	1036
1183	68.1875	38.5625	920
1184	68.3125	38.5625	863
1185	68.4375	38.5625	964
1186	68.5625	38.5625	918
1187	68.6875	38.5625	859
1188	68.8125	38.5625	850
1189	68.9375	38.5625	914
1190	69.0625	38.5625	952
1191	69.1875	38.5625	1199
1192	69.3125	38.5625	1445
1193	69.4375	38.5625	1818
1194	69.5625	38.5625	2165
1195	69.6875	38.5625	1733
1196	69.8125	38.5625	1963
1197	69.9375	38.5625	1687
1198	70.0625	38.5625	2088
1199	70.1875	38.5625	2346
1200	70.3125	38.5625	2269
1201	70.4375	38.5625	2916
1202	70.5625	38.5625	3238
1203	70.6875	38.5625	3296
1204	70.8125	38.5625	2707
1205	70.9375	38.5625	3219
1206	71.0625	38.5625	3243
1207	71.1875	38.5625	3890
1208	71.3125	38.5625	3967
1209	71.4375	38.5625	4347
1210	71.5625	38.5625	4378
1211	71.6875	38.5625	3112
1212	71.8125	38.5625	3096
1213	71.9375	38.5625	3911
1214	72.0625	38.5625	4340
1215	72.1875	38.5625	4474
1216	72.3125	38.5625	5368
1217	72.4375	38.5625	5411
1218	72.5625	38.5625	4716
1219	72.6875	38.5625	4533
1220	72.8125	38.5625	3988
1221	72.9375	38.5625	4328
1222	73.0625	38.5625	3859
1223	73.1875	38.5625	4246
1224	73.3125	38.5625	4860
1225	73.4375	38.5625	4772
1226	73.5625	38.5625	4662
1227	73.6875	38.5625	4549
1228	73.8125	38.5625	4453
1229	73.9375	38.5625	4469
1230	74.0625	38.5625	4365
1231	74.1875	38.5625	4219
1232	74.3125	38.5625	4034
1233	74.4375	38.5625	4096
1234	74.5625	38.5625	4353
1235	74.6875	38.5625	4518
1236	74.8125	38.5625	4462
1237	62.9375	38.4375	189
1238	63.0625	38.4375	191
1239	63.1875	38.4375	194
1240	63.3125	38.4375	198
1241	63.4375	38.4375	200
1242	63.5625	38.4375	203
1243	63.6875	38.4375	206
1244	63.8125	38.4375	209
1245	63.9375	38.4375	210
1246	64.0625	38.4375	208
1247	64.1875	38.4375	205
1248	64.3125	38.4375	207
1249	64.4375	38.4375	225
1250	64.5625	38.4375	233
1251	64.6875	38.4375	229
1252	64.8125	38.4375	264
1253	64.9375	38.4375	271
1254	65.0625	38.4375	295
1255	65.1875	38.4375	281
1256	65.3125	38.4375	302
1257	65.4375	38.4375	330
1258	65.5625	38.4375	378
1259	65.6875	38.4375	423
1260	65.8125	38.4375	432
1261	65.9375	38.4375	491
1262	66.0625	38.4375	571
1263	66.1875	38.4375	660
1264	66.3125	38.4375	828
1265	66.4375	38.4375	881
1266	66.5625	38.4375	1076
1267	66.6875	38.4375	1321
1268	66.8125	38.4375	1686
1269	66.9375	38.4375	1823
1270	67.0625	38.4375	1985
1271	67.1875	38.4375	2086
1272	67.3125	38.4375	2771
1273	67.4375	38.4375	2282
1274	67.5625	38.4375	2663
1275	67.6875	38.4375	1462
1276	67.8125	38.4375	837
1277	67.9375	38.4375	633
1278	68.0625	38.4375	610
1279	68.1875	38.4375	668
1280	68.3125	38.4375	921
1281	68.4375	38.4375	1071
1282	68.5625	38.4375	897
1283	68.6875	38.4375	844
1284	68.8125	38.4375	991
1285	68.9375	38.4375	1144
1286	69.0625	38.4375	1192
1287	69.1875	38.4375	1236
1288	69.3125	38.4375	1127
1289	69.4375	38.4375	1497
1290	69.5625	38.4375	1520
1291	69.6875	38.4375	1478
1292	69.8125	38.4375	1453
1293	69.9375	38.4375	1693
1294	70.0625	38.4375	1838
1295	70.1875	38.4375	1879
1296	70.3125	38.4375	2601
1297	70.4375	38.4375	2944
1298	70.5625	38.4375	3403
1299	70.6875	38.4375	2430
1300	70.8125	38.4375	2072
1301	70.9375	38.4375	2242
1302	71.0625	38.4375	2262
1303	71.1875	38.4375	3163
1304	71.3125	38.4375	3816
1305	71.4375	38.4375	3620
1306	71.5625	38.4375	2850
1307	71.6875	38.4375	3685
1308	71.8125	38.4375	3966
1309	71.9375	38.4375	3756
1310	72.0625	38.4375	3951
1311	72.1875	38.4375	4674
1312	72.3125	38.4375	4638
1313	72.4375	38.4375	4447
1314	72.5625	38.4375	3963
1315	72.6875	38.4375	3891
1316	72.8125	38.4375	4521
1317	72.9375	38.4375	4304
1318	73.0625	38.4375	4133
1319	73.1875	38.4375	4806
1320	73.3125	38.4375	4932
1321	73.4375	38.4375	5065
1322	73.5625	38.4375	4986
1323	73.6875	38.4375	4758
1324	73.8125	38.4375	4552
1325	73.9375	38.4375	4180
1326	74.0625	38.4375	3966
1327	74.1875	38.4375	3961
1328	74.3125	38.4375	4016
1329	74.4375	38.4375	3934
1330	74.5625	38.4375	4068
1331	74.6875	38.4375	4349
1332	74.8125	38.4375	4567
1333	63.0625	38.3125	192
1334	63.1875	38.3125	195
1335	63.3125	38.3125	198
1336	63.4375	38.3125	201
1337	63.5625	38.3125	204
1338	63.6875	38.3125	207
1339	63.8125	38.3125	210
1340	63.9375	38.3125	212
1341	64.0625	38.3125	214
1342	64.1875	38.3125	215
1343	64.3125	38.3125	212
1344	64.4375	38.3125	217
1345	64.5625	38.3125	226
1346	64.6875	38.3125	233
1347	64.8125	38.3125	241
1348	64.9375	38.3125	259
1349	65.0625	38.3125	272
1350	65.1875	38.3125	309
1351	65.3125	38.3125	308
1352	65.4375	38.3125	349
1353	65.5625	38.3125	377
1354	65.6875	38.3125	435
1355	65.8125	38.3125	473
1356	65.9375	38.3125	554
1357	66.0625	38.3125	672
1358	66.1875	38.3125	768
1359	66.3125	38.3125	886
1360	66.4375	38.3125	944
1361	66.5625	38.3125	1002
1362	66.6875	38.3125	1239
1363	66.8125	38.3125	1399
1364	66.9375	38.3125	1581
1365	67.0625	38.3125	1840
1366	67.1875	38.3125	2369
1367	67.3125	38.3125	1971
1368	67.4375	38.3125	1643
1369	67.5625	38.3125	1731
1370	67.6875	38.3125	1076
1371	67.8125	38.3125	636
1372	67.9375	38.3125	526
1373	68.0625	38.3125	587
1374	68.1875	38.3125	861
1375	68.3125	38.3125	1021
1376	68.4375	38.3125	1039
1377	68.5625	38.3125	1253
1378	68.6875	38.3125	1125
1379	68.8125	38.3125	1265
1380	68.9375	38.3125	820
1381	69.0625	38.3125	845
1382	69.1875	38.3125	1260
1383	69.3125	38.3125	1019
1384	69.4375	38.3125	1264
1385	69.5625	38.3125	1291
1386	69.6875	38.3125	1088
1387	69.8125	38.3125	1365
1388	69.9375	38.3125	1449
1389	70.0625	38.3125	1574
1390	70.1875	38.3125	2234
1391	70.3125	38.3125	2686
1392	70.4375	38.3125	2841
1393	70.5625	38.3125	2232
1394	70.6875	38.3125	2816
1395	70.8125	38.3125	2916
1396	70.9375	38.3125	2980
1397	71.0625	38.3125	3781
1398	71.1875	38.3125	2854
1399	71.3125	38.3125	2522
1400	71.4375	38.3125	2822
1401	71.5625	38.3125	3714
1402	71.6875	38.3125	3354
1403	71.8125	38.3125	3801
1404	71.9375	38.3125	4340
1405	72.0625	38.3125	4193
1406	72.1875	38.3125	4276
1407	72.3125	38.3125	3541
1408	72.4375	38.3125	3447
1409	72.5625	38.3125	3861
1410	72.6875	38.3125	4542
1411	72.8125	38.3125	4579
1412	72.9375	38.3125	4397
1413	73.0625	38.3125	4132
1414	73.1875	38.3125	4265
1415	73.3125	38.3125	4414
1416	73.4375	38.3125	4596
1417	73.5625	38.3125	4447
1418	73.6875	38.3125	4699
1419	73.8125	38.3125	4560
1420	73.9375	38.3125	4436
1421	74.0625	38.3125	4018
1422	74.1875	38.3125	4247
1423	74.3125	38.3125	4283
1424	74.4375	38.3125	4388
1425	74.5625	38.3125	4526
1426	74.6875	38.3125	4236
1427	74.8125	38.3125	4517
1428	63.1875	38.1875	196
1429	63.3125	38.1875	199
1430	63.4375	38.1875	203
1431	63.5625	38.1875	206
1432	63.6875	38.1875	209
1433	63.8125	38.1875	211
1434	63.9375	38.1875	213
1435	64.0625	38.1875	216
1436	64.1875	38.1875	218
1437	64.3125	38.1875	218
1438	64.4375	38.1875	221
1439	64.5625	38.1875	218
1440	64.6875	38.1875	220
1441	64.8125	38.1875	228
1442	64.9375	38.1875	239
1443	65.0625	38.1875	259
1444	65.1875	38.1875	268
1445	65.3125	38.1875	280
1446	65.4375	38.1875	322
1447	65.5625	38.1875	337
1448	65.6875	38.1875	374
1449	65.8125	38.1875	434
1450	65.9375	38.1875	548
1451	66.0625	38.1875	692
1452	66.1875	38.1875	803
1453	66.3125	38.1875	917
1454	66.4375	38.1875	1118
1455	66.5625	38.1875	1441
1456	66.6875	38.1875	1704
1457	66.8125	38.1875	1820
1458	66.9375	38.1875	1413
1459	67.0625	38.1875	1268
1460	67.1875	38.1875	1234
1461	67.3125	38.1875	1152
1462	67.4375	38.1875	1147
1463	67.5625	38.1875	819
1464	67.6875	38.1875	657
1465	67.8125	38.1875	524
1466	67.9375	38.1875	497
1467	68.0625	38.1875	700
1468	68.1875	38.1875	933
1469	68.3125	38.1875	1164
1470	68.4375	38.1875	876
1471	68.5625	38.1875	1283
1472	68.6875	38.1875	831
1473	68.8125	38.1875	772
1474	68.9375	38.1875	575
1475	69.0625	38.1875	899
1476	69.1875	38.1875	1238
1477	69.3125	38.1875	1101
1478	69.4375	38.1875	1043
1479	69.5625	38.1875	1012
1480	69.6875	38.1875	1072
1481	69.8125	38.1875	1267
1482	69.9375	38.1875	1256
1483	70.0625	38.1875	1537
1484	70.1875	38.1875	2265
1485	70.3125	38.1875	2541
1486	70.4375	38.1875	2752
1487	70.5625	38.1875	2172
1488	70.6875	38.1875	3666
1489	70.8125	38.1875	3600
1490	70.9375	38.1875	3334
1491	71.0625	38.1875	3788
1492	71.1875	38.1875	3865
1493	71.3125	38.1875	2703
1494	71.4375	38.1875	2814
1495	71.5625	38.1875	3416
1496	71.6875	38.1875	3863
1497	71.8125	38.1875	4074
1498	71.9375	38.1875	3336
1499	72.0625	38.1875	3768
1500	72.1875	38.1875	3552
1501	72.3125	38.1875	3854
1502	72.4375	38.1875	4500
1503	72.5625	38.1875	4297
1504	72.6875	38.1875	3984
1505	72.8125	38.1875	3899
1506	72.9375	38.1875	4370
1507	73.0625	38.1875	4726
1508	73.1875	38.1875	4786
1509	73.3125	38.1875	4312
1510	73.4375	38.1875	4279
1511	73.5625	38.1875	4292
1512	73.6875	38.1875	4351
1513	73.8125	38.1875	4267
1514	73.9375	38.1875	3928
1515	74.0625	38.1875	3745
1516	74.1875	38.1875	3875
1517	74.3125	38.1875	3899
1518	74.4375	38.1875	4237
1519	74.5625	38.1875	4345
1520	74.6875	38.1875	4304
1521	74.8125	38.1875	4314
1522	63.1875	38.0625	199
1523	63.3125	38.0625	201
1524	63.4375	38.0625	204
1525	63.5625	38.0625	207
1526	63.6875	38.0625	210
1527	63.8125	38.0625	213
1528	63.9375	38.0625	215
1529	64.0625	38.0625	218
1530	64.1875	38.0625	220
1531	64.3125	38.0625	222
1532	64.4375	38.0625	224
1533	64.5625	38.0625	228
1534	64.6875	38.0625	229
1535	64.8125	38.0625	229
1536	64.9375	38.0625	226
1537	65.0625	38.0625	227
1538	65.1875	38.0625	246
1539	65.3125	38.0625	281
1540	65.4375	38.0625	287
1541	65.5625	38.0625	306
1542	65.6875	38.0625	341
1543	65.8125	38.0625	415
1544	65.9375	38.0625	523
1545	66.0625	38.0625	686
1546	66.1875	38.0625	855
1547	66.3125	38.0625	938
1548	66.4375	38.0625	1072
1549	66.5625	38.0625	1324
1550	66.6875	38.0625	1707
1551	66.8125	38.0625	1714
1552	66.9375	38.0625	1398
1553	67.0625	38.0625	943
1554	67.1875	38.0625	920
1555	67.3125	38.0625	787
1556	67.4375	38.0625	777
1557	67.5625	38.0625	591
1558	67.6875	38.0625	503
1559	67.8125	38.0625	460
1560	67.9375	38.0625	548
1561	68.0625	38.0625	922
1562	68.1875	38.0625	1242
1563	68.3125	38.0625	765
1564	68.4375	38.0625	1130
1565	68.5625	38.0625	1203
1566	68.6875	38.0625	566
1567	68.8125	38.0625	514
1568	68.9375	38.0625	804
1569	69.0625	38.0625	942
1570	69.1875	38.0625	853
1571	69.3125	38.0625	679
1572	69.4375	38.0625	888
1573	69.5625	38.0625	852
1574	69.6875	38.0625	992
1575	69.8125	38.0625	871
1576	69.9375	38.0625	1213
1577	70.0625	38.0625	1779
1578	70.1875	38.0625	1814
1579	70.3125	38.0625	2399
1580	70.4375	38.0625	1986
1581	70.5625	38.0625	2973
1582	70.6875	38.0625	3561
1583	70.8125	38.0625	3878
1584	70.9375	38.0625	3766
1585	71.0625	38.0625	4164
1586	71.1875	38.0625	3375
1587	71.3125	38.0625	3080
1588	71.4375	38.0625	3900
1589	71.5625	38.0625	3928
1590	71.6875	38.0625	3600
1591	71.8125	38.0625	3558
1592	71.9375	38.0625	3684
1593	72.0625	38.0625	3665
1594	72.1875	38.0625	3796
1595	72.3125	38.0625	4094
1596	72.4375	38.0625	4561
1597	72.5625	38.0625	4605
1598	72.6875	38.0625	4710
1599	72.8125	38.0625	4812
1600	72.9375	38.0625	4588
1601	73.0625	38.0625	4805
1602	73.1875	38.0625	4867
1603	73.3125	38.0625	4666
1604	73.4375	38.0625	4840
1605	73.5625	38.0625	4486
1606	73.6875	38.0625	4230
1607	73.8125	38.0625	4166
1608	73.9375	38.0625	3896
1609	74.0625	38.0625	4213
1610	74.1875	38.0625	3996
1611	74.3125	38.0625	3776
1612	74.4375	38.0625	3754
1613	74.5625	38.0625	3814
1614	74.6875	38.0625	4077
1615	74.8125	38.0625	4616
1616	74.9375	38.0625	4261
1617	63.5625	37.9375	208
1618	63.6875	37.9375	212
1619	63.8125	37.9375	215
1620	63.9375	37.9375	218
1621	64.0625	37.9375	219
1622	64.1875	37.9375	223
1623	64.3125	37.9375	224
1624	64.4375	37.9375	223
1625	64.5625	37.9375	229
1626	64.6875	37.9375	232
1627	64.8125	37.9375	234
1628	64.9375	37.9375	237
1629	65.0625	37.9375	235
1630	65.1875	37.9375	233
1631	65.3125	37.9375	256
1632	65.4375	37.9375	268
1633	65.5625	37.9375	285
1634	65.6875	37.9375	342
1635	65.8125	37.9375	426
1636	65.9375	37.9375	463
1637	66.0625	37.9375	607
1638	66.1875	37.9375	810
1639	66.3125	37.9375	918
1640	66.4375	37.9375	938
1641	66.5625	37.9375	1455
1642	66.6875	37.9375	1815
1643	66.8125	37.9375	1329
1644	66.9375	37.9375	902
1645	67.0625	37.9375	754
1646	67.1875	37.9375	777
1647	67.3125	37.9375	701
1648	67.4375	37.9375	542
1649	67.5625	37.9375	470
1650	67.6875	37.9375	436
1651	67.8125	37.9375	477
1652	67.9375	37.9375	649
1653	68.0625	37.9375	1087
1654	68.1875	37.9375	1193
1655	68.3125	37.9375	684
1656	68.4375	37.9375	1485
1657	68.5625	37.9375	883
1658	68.6875	37.9375	444
1659	68.8125	37.9375	417
1660	68.9375	37.9375	743
1661	69.0625	37.9375	696
1662	69.1875	37.9375	938
1663	69.3125	37.9375	651
1664	69.4375	37.9375	1028
1665	69.5625	37.9375	690
1666	69.6875	37.9375	708
1667	69.8125	37.9375	742
1668	69.9375	37.9375	1348
1669	70.0625	37.9375	1960
1670	70.1875	37.9375	1210
1671	70.3125	37.9375	2408
1672	70.4375	37.9375	3055
1673	70.5625	37.9375	2809
1674	70.6875	37.9375	3076
1675	70.8125	37.9375	3366
1676	70.9375	37.9375	3863
1677	71.0625	37.9375	3691
1678	71.1875	37.9375	2723
1679	71.3125	37.9375	2753
1680	71.4375	37.9375	2893
1681	71.5625	37.9375	2789
1682	71.6875	37.9375	3279
1683	71.8125	37.9375	3400
1684	71.9375	37.9375	3681
1685	72.0625	37.9375	4222
1686	72.1875	37.9375	4515
1687	72.3125	37.9375	4779
1688	72.4375	37.9375	4814
1689	72.5625	37.9375	4706
1690	72.6875	37.9375	4663
1691	72.8125	37.9375	4589
1692	72.9375	37.9375	4468
1693	73.0625	37.9375	4864
1694	73.1875	37.9375	4897
1695	73.3125	37.9375	4758
1696	73.4375	37.9375	4676
1697	73.5625	37.9375	4494
1698	73.6875	37.9375	4469
1699	73.8125	37.9375	4475
1700	73.9375	37.9375	4192
1701	74.0625	37.9375	4150
1702	74.1875	37.9375	4205
1703	74.3125	37.9375	4121
1704	74.4375	37.9375	4125
1705	74.5625	37.9375	3926
1706	74.6875	37.9375	4065
1707	74.8125	37.9375	4262
1708	74.9375	37.9375	4590
1709	63.6875	37.8125	216
1710	63.8125	37.8125	221
1711	63.9375	37.8125	223
1712	64.0625	37.8125	226
1713	64.1875	37.8125	227
1714	64.3125	37.8125	228
1715	64.4375	37.8125	226
1716	64.5625	37.8125	226
1717	64.6875	37.8125	229
1718	64.8125	37.8125	234
1719	64.9375	37.8125	238
1720	65.0625	37.8125	241
1721	65.1875	37.8125	236
1722	65.3125	37.8125	240
1723	65.4375	37.8125	260
1724	65.5625	37.8125	269
1725	65.6875	37.8125	391
1726	65.8125	37.8125	415
1727	65.9375	37.8125	374
1728	66.0625	37.8125	547
1729	66.1875	37.8125	566
1730	66.3125	37.8125	683
1731	66.4375	37.8125	1016
1732	66.5625	37.8125	2230
1733	66.6875	37.8125	1374
1734	66.8125	37.8125	967
1735	66.9375	37.8125	715
1736	67.0625	37.8125	623
1737	67.1875	37.8125	538
1738	67.3125	37.8125	451
1739	67.4375	37.8125	450
1740	67.5625	37.8125	416
1741	67.6875	37.8125	457
1742	67.8125	37.8125	543
1743	67.9375	37.8125	746
1744	68.0625	37.8125	1175
1745	68.1875	37.8125	741
1746	68.3125	37.8125	899
1747	68.4375	37.8125	1167
1748	68.5625	37.8125	824
1749	68.6875	37.8125	399
1750	68.8125	37.8125	428
1751	68.9375	37.8125	587
1752	69.0625	37.8125	648
1753	69.1875	37.8125	808
1754	69.3125	37.8125	634
1755	69.4375	37.8125	740
1756	69.5625	37.8125	512
1757	69.6875	37.8125	551
1758	69.8125	37.8125	948
1759	69.9375	37.8125	1653
1760	70.0625	37.8125	2183
1761	70.1875	37.8125	1383
1762	70.3125	37.8125	2037
1763	70.4375	37.8125	2889
1764	70.5625	37.8125	3246
1765	70.6875	37.8125	3560
1766	70.8125	37.8125	3772
1767	70.9375	37.8125	3700
1768	71.0625	37.8125	2874
1769	71.1875	37.8125	3544
1770	71.3125	37.8125	3422
1771	71.4375	37.8125	4000
1772	71.5625	37.8125	3052
1773	71.6875	37.8125	3704
1774	71.8125	37.8125	4403
1775	71.9375	37.8125	4387
1776	72.0625	37.8125	4359
1777	72.1875	37.8125	4426
1778	72.3125	37.8125	4623
1779	72.4375	37.8125	4510
1780	72.5625	37.8125	4229
1781	72.6875	37.8125	4271
1782	72.8125	37.8125	4109
1783	72.9375	37.8125	4098
1784	73.0625	37.8125	4369
1785	73.1875	37.8125	4289
1786	73.3125	37.8125	4154
1787	73.4375	37.8125	4115
1788	73.5625	37.8125	4149
1789	73.6875	37.8125	4179
1790	73.8125	37.8125	4207
1791	73.9375	37.8125	4397
1792	74.0625	37.8125	4417
1793	74.1875	37.8125	4329
1794	74.3125	37.8125	4369
1795	74.4375	37.8125	4363
1796	74.5625	37.8125	4218
1797	74.6875	37.8125	3921
1798	74.8125	37.8125	4443
1799	74.9375	37.8125	4767
1800	75.0625	37.8125	4625
1801	63.8125	37.6875	227
1802	63.9375	37.6875	231
1803	64.0625	37.6875	234
1804	64.1875	37.6875	237
1805	64.3125	37.6875	237
1806	64.4375	37.6875	237
1807	64.5625	37.6875	237
1808	64.6875	37.6875	235
1809	64.8125	37.6875	233
1810	64.9375	37.6875	232
1811	65.0625	37.6875	241
1812	65.1875	37.6875	245
1813	65.3125	37.6875	242
1814	65.4375	37.6875	241
1815	65.5625	37.6875	249
1816	65.6875	37.6875	314
1817	65.8125	37.6875	331
1818	65.9375	37.6875	276
1819	66.0625	37.6875	349
1820	66.1875	37.6875	424
1821	66.3125	37.6875	459
1822	66.4375	37.6875	1233
1823	66.5625	37.6875	1670
1824	66.6875	37.6875	918
1825	66.8125	37.6875	764
1826	66.9375	37.6875	516
1827	67.0625	37.6875	413
1828	67.1875	37.6875	384
1829	67.3125	37.6875	408
1830	67.4375	37.6875	415
1831	67.5625	37.6875	401
1832	67.6875	37.6875	504
1833	67.8125	37.6875	533
1834	67.9375	37.6875	906
1835	68.0625	37.6875	831
1836	68.1875	37.6875	636
1837	68.3125	37.6875	838
1838	68.4375	37.6875	642
1839	68.5625	37.6875	570
1840	68.6875	37.6875	393
1841	68.8125	37.6875	414
1842	68.9375	37.6875	470
1843	69.0625	37.6875	539
1844	69.1875	37.6875	783
1845	69.3125	37.6875	606
1846	69.4375	37.6875	560
1847	69.5625	37.6875	493
1848	69.6875	37.6875	737
1849	69.8125	37.6875	1034
1850	69.9375	37.6875	1346
1851	70.0625	37.6875	1887
1852	70.1875	37.6875	1869
1853	70.3125	37.6875	1513
1854	70.4375	37.6875	2474
1855	70.5625	37.6875	2891
1856	70.6875	37.6875	3037
1857	70.8125	37.6875	3403
1858	70.9375	37.6875	2936
1859	71.0625	37.6875	3018
1860	71.1875	37.6875	3968
1861	71.3125	37.6875	4147
1862	71.4375	37.6875	3839
1863	71.5625	37.6875	3087
1864	71.6875	37.6875	4284
1865	71.8125	37.6875	3552
1866	71.9375	37.6875	3730
1867	72.0625	37.6875	4030
1868	72.1875	37.6875	3891
1869	72.3125	37.6875	3970
1870	72.4375	37.6875	3879
1871	72.5625	37.6875	4086
1872	72.6875	37.6875	4797
1873	72.8125	37.6875	4588
1874	72.9375	37.6875	3989
1875	73.0625	37.6875	4004
1876	73.1875	37.6875	3953
1877	73.3125	37.6875	4197
1878	73.4375	37.6875	4653
1879	73.5625	37.6875	4436
1880	73.6875	37.6875	4261
1881	73.8125	37.6875	4213
1882	73.9375	37.6875	4287
1883	74.0625	37.6875	4287
1884	74.1875	37.6875	4275
1885	74.3125	37.6875	4210
1886	74.4375	37.6875	4196
1887	74.5625	37.6875	4326
1888	74.6875	37.6875	4103
1889	74.8125	37.6875	4191
1890	74.9375	37.6875	4655
1891	64.0625	37.5625	242
1892	64.1875	37.5625	244
1893	64.3125	37.5625	247
1894	64.4375	37.5625	247
1895	64.5625	37.5625	247
1896	64.6875	37.5625	245
1897	64.8125	37.5625	243
1898	64.9375	37.5625	239
1899	65.0625	37.5625	235
1900	65.1875	37.5625	238
1901	65.3125	37.5625	244
1902	65.4375	37.5625	251
1903	65.5625	37.5625	253
1904	65.6875	37.5625	249
1905	65.8125	37.5625	251
1906	65.9375	37.5625	267
1907	66.0625	37.5625	278
1908	66.1875	37.5625	311
1909	66.3125	37.5625	314
1910	66.4375	37.5625	519
1911	66.5625	37.5625	762
1912	66.6875	37.5625	598
1913	66.8125	37.5625	434
1914	66.9375	37.5625	349
1915	67.0625	37.5625	342
1916	67.1875	37.5625	348
1917	67.3125	37.5625	399
1918	67.4375	37.5625	353
1919	67.5625	37.5625	468
1920	67.6875	37.5625	509
1921	67.8125	37.5625	501
1922	67.9375	37.5625	670
1923	68.0625	37.5625	593
1924	68.1875	37.5625	543
1925	68.3125	37.5625	753
1926	68.4375	37.5625	414
1927	68.5625	37.5625	385
1928	68.6875	37.5625	436
1929	68.8125	37.5625	431
1930	68.9375	37.5625	480
1931	69.0625	37.5625	786
1932	69.1875	37.5625	1011
1933	69.3125	37.5625	622
1934	69.4375	37.5625	485
1935	69.5625	37.5625	470
1936	69.6875	37.5625	547
1937	69.8125	37.5625	779
1938	69.9375	37.5625	978
1939	70.0625	37.5625	1297
1940	70.1875	37.5625	1141
1941	70.3125	37.5625	1893
1942	70.4375	37.5625	2006
1943	70.5625	37.5625	2530
1944	70.6875	37.5625	2981
1945	70.8125	37.5625	3222
1946	70.9375	37.5625	2963
1947	71.0625	37.5625	3215
1948	71.1875	37.5625	3690
1949	71.3125	37.5625	3863
1950	71.4375	37.5625	3348
1951	71.5625	37.5625	3192
1952	71.6875	37.5625	3239
1953	71.8125	37.5625	3828
1954	71.9375	37.5625	4276
1955	72.0625	37.5625	4573
1956	72.1875	37.5625	4835
1957	72.3125	37.5625	4528
1958	72.4375	37.5625	4558
1959	72.5625	37.5625	4253
1960	72.6875	37.5625	4514
1961	72.8125	37.5625	4599
1962	72.9375	37.5625	4216
1963	73.0625	37.5625	4254
1964	73.1875	37.5625	4484
1965	73.3125	37.5625	4668
1966	73.4375	37.5625	4788
1967	73.5625	37.5625	4767
1968	73.6875	37.5625	4653
1969	73.8125	37.5625	4594
1970	73.9375	37.5625	4761
1971	74.0625	37.5625	4543
1972	74.1875	37.5625	4285
1973	74.3125	37.5625	4323
1974	74.4375	37.5625	4301
1975	74.5625	37.5625	4335
1976	74.6875	37.5625	4444
1977	74.8125	37.5625	4094
1978	74.9375	37.5625	4513
1979	75.0625	37.5625	4626
1980	64.0625	37.4375	247
1981	64.1875	37.4375	251
1982	64.3125	37.4375	255
1983	64.4375	37.4375	258
1984	64.5625	37.4375	256
1985	64.6875	37.4375	255
1986	64.8125	37.4375	252
1987	64.9375	37.4375	247
1988	65.0625	37.4375	239
1989	65.1875	37.4375	236
1990	65.3125	37.4375	240
1991	65.4375	37.4375	247
1992	65.5625	37.4375	249
1993	65.6875	37.4375	255
1994	65.8125	37.4375	257
1995	65.9375	37.4375	254
1996	66.0625	37.4375	255
1997	66.1875	37.4375	263
1998	66.3125	37.4375	288
1999	66.4375	37.4375	423
2000	66.5625	37.4375	351
2001	66.6875	37.4375	326
2002	66.8125	37.4375	303
2003	66.9375	37.4375	295
2004	67.0625	37.4375	306
2005	67.1875	37.4375	321
2006	67.3125	37.4375	345
2007	67.4375	37.4375	345
2008	67.5625	37.4375	457
2009	67.6875	37.4375	421
2010	67.8125	37.4375	462
2011	67.9375	37.4375	767
2012	68.0625	37.4375	509
2013	68.1875	37.4375	469
2014	68.3125	37.4375	619
2015	68.4375	37.4375	478
2016	68.5625	37.4375	353
2017	68.6875	37.4375	431
2018	68.8125	37.4375	481
2019	68.9375	37.4375	552
2020	69.0625	37.4375	847
2021	69.1875	37.4375	893
2022	69.3125	37.4375	671
2023	69.4375	37.4375	432
2024	69.5625	37.4375	449
2025	69.6875	37.4375	712
2026	69.8125	37.4375	1068
2027	69.9375	37.4375	1814
2028	70.0625	37.4375	1762
2029	70.1875	37.4375	1658
2030	70.3125	37.4375	2647
2031	70.4375	37.4375	2721
2032	70.5625	37.4375	2658
2033	70.6875	37.4375	2697
2034	70.8125	37.4375	3083
2035	70.9375	37.4375	2952
2036	71.0625	37.4375	3407
2037	71.1875	37.4375	3618
2038	71.3125	37.4375	3829
2039	71.4375	37.4375	3240
2040	71.5625	37.4375	2995
2041	71.6875	37.4375	3582
2042	71.8125	37.4375	4255
2043	71.9375	37.4375	4511
2044	72.0625	37.4375	4445
2045	72.1875	37.4375	4392
2046	72.3125	37.4375	3923
2047	72.4375	37.4375	4117
2048	72.5625	37.4375	4353
2049	72.6875	37.4375	4417
2050	72.8125	37.4375	4633
2051	72.9375	37.4375	4566
2052	73.0625	37.4375	4519
2053	73.1875	37.4375	4226
2054	73.3125	37.4375	4125
2055	73.4375	37.4375	4199
2056	73.5625	37.4375	4232
2057	73.6875	37.4375	4241
2058	73.8125	37.4375	4272
2059	73.9375	37.4375	4409
2060	74.0625	37.4375	4410
2061	74.1875	37.4375	4519
2062	74.3125	37.4375	4723
2063	74.4375	37.4375	4486
2064	74.5625	37.4375	4525
2065	74.6875	37.4375	4117
2066	74.8125	37.4375	4101
2067	74.9375	37.4375	4377
2068	75.0625	37.4375	4661
2069	75.1875	37.4375	4977
2070	64.1875	37.3125	261
2071	64.3125	37.3125	264
2072	64.4375	37.3125	266
2073	64.5625	37.3125	270
2074	64.6875	37.3125	268
2075	64.8125	37.3125	261
2076	64.9375	37.3125	256
2077	65.0625	37.3125	252
2078	65.1875	37.3125	246
2079	65.3125	37.3125	252
2080	65.4375	37.3125	255
2081	65.5625	37.3125	258
2082	65.6875	37.3125	263
2083	65.8125	37.3125	256
2084	65.9375	37.3125	263
2085	66.0625	37.3125	267
2086	66.1875	37.3125	264
2087	66.3125	37.3125	266
2088	66.4375	37.3125	265
2089	66.5625	37.3125	269
2090	66.6875	37.3125	271
2091	66.8125	37.3125	274
2092	66.9375	37.3125	282
2093	67.0625	37.3125	281
2094	67.1875	37.3125	296
2095	67.3125	37.3125	310
2096	67.4375	37.3125	325
2097	67.5625	37.3125	322
2098	67.6875	37.3125	342
2099	67.8125	37.3125	465
2100	67.9375	37.3125	609
2101	68.0625	37.3125	432
2102	68.1875	37.3125	490
2103	68.3125	37.3125	520
2104	68.4375	37.3125	347
2105	68.5625	37.3125	362
2106	68.6875	37.3125	363
2107	68.8125	37.3125	370
2108	68.9375	37.3125	366
2109	69.0625	37.3125	399
2110	69.1875	37.3125	696
2111	69.3125	37.3125	730
2112	69.4375	37.3125	418
2113	69.5625	37.3125	503
2114	69.6875	37.3125	935
2115	69.8125	37.3125	1194
2116	69.9375	37.3125	1895
2117	70.0625	37.3125	1944
2118	70.1875	37.3125	1859
2119	70.3125	37.3125	1979
2120	70.4375	37.3125	1949
2121	70.5625	37.3125	2417
2122	70.6875	37.3125	2721
2123	70.8125	37.3125	3104
2124	70.9375	37.3125	2886
2125	71.0625	37.3125	3057
2126	71.1875	37.3125	3547
2127	71.3125	37.3125	3984
2128	71.4375	37.3125	3326
2129	71.5625	37.3125	3594
2130	71.6875	37.3125	3572
2131	71.8125	37.3125	3731
2132	71.9375	37.3125	4294
2133	72.0625	37.3125	4014
2134	72.1875	37.3125	4027
2135	72.3125	37.3125	3867
2136	72.4375	37.3125	3958
2137	72.5625	37.3125	4180
2138	72.6875	37.3125	4662
2139	72.8125	37.3125	4580
2140	72.9375	37.3125	4118
2141	73.0625	37.3125	4133
2142	73.1875	37.3125	4309
2143	73.3125	37.3125	4605
2144	73.4375	37.3125	4785
2145	73.5625	37.3125	4742
2146	73.6875	37.3125	4806
2147	73.8125	37.3125	4625
2148	73.9375	37.3125	4795
2149	74.0625	37.3125	4849
2150	74.1875	37.3125	4770
2151	74.3125	37.3125	4227
2152	74.4375	37.3125	4277
2153	74.5625	37.3125	4493
2154	74.6875	37.3125	4727
2155	74.8125	37.3125	4718
2156	74.9375	37.3125	4775
2157	75.0625	37.3125	4663
2158	75.1875	37.3125	4770
2159	64.3125	37.1875	280
2160	64.4375	37.1875	276
2161	64.5625	37.1875	280
2162	64.6875	37.1875	282
2163	64.8125	37.1875	274
2164	64.9375	37.1875	266
2165	65.0625	37.1875	261
2166	65.1875	37.1875	259
2167	65.3125	37.1875	257
2168	65.4375	37.1875	262
2169	65.5625	37.1875	267
2170	65.6875	37.1875	268
2171	65.8125	37.1875	268
2172	65.9375	37.1875	268
2173	66.0625	37.1875	272
2174	66.1875	37.1875	275
2175	66.3125	37.1875	276
2176	66.4375	37.1875	279
2177	66.5625	37.1875	281
2178	66.6875	37.1875	285
2179	66.8125	37.1875	284
2180	66.9375	37.1875	286
2181	67.0625	37.1875	291
2182	67.1875	37.1875	292
2183	67.3125	37.1875	291
2184	67.4375	37.1875	301
2185	67.5625	37.1875	301
2186	67.6875	37.1875	305
2187	67.8125	37.1875	363
2188	67.9375	37.1875	534
2189	68.0625	37.1875	361
2190	68.1875	37.1875	417
2191	68.3125	37.1875	431
2192	68.4375	37.1875	324
2193	68.5625	37.1875	345
2194	68.6875	37.1875	332
2195	68.8125	37.1875	341
2196	68.9375	37.1875	354
2197	69.0625	37.1875	360
2198	69.1875	37.1875	418
2199	69.3125	37.1875	631
2200	69.4375	37.1875	449
2201	69.5625	37.1875	683
2202	69.6875	37.1875	1149
2203	69.8125	37.1875	1319
2204	69.9375	37.1875	1819
2205	70.0625	37.1875	1748
2206	70.1875	37.1875	1276
2207	70.3125	37.1875	1584
2208	70.4375	37.1875	1584
2209	70.5625	37.1875	1618
2210	70.6875	37.1875	2247
2211	70.8125	37.1875	2697
2212	70.9375	37.1875	2879
2213	71.0625	37.1875	3297
2214	71.1875	37.1875	3939
2215	71.3125	37.1875	3779
2216	71.4375	37.1875	3162
2217	71.5625	37.1875	3658
2218	71.6875	37.1875	4367
2219	71.8125	37.1875	3806
2220	71.9375	37.1875	3617
2221	72.0625	37.1875	3623
2222	72.1875	37.1875	4004
2223	72.3125	37.1875	4399
2224	72.4375	37.1875	4871
2225	72.5625	37.1875	4882
2226	72.6875	37.1875	4548
2227	72.8125	37.1875	4021
2228	72.9375	37.1875	4400
2229	73.0625	37.1875	4684
2230	73.1875	37.1875	4989
2231	73.3125	37.1875	5010
2232	73.4375	37.1875	4997
2233	73.5625	37.1875	4618
2234	73.6875	37.1875	4792
2235	73.8125	37.1875	4821
2236	73.9375	37.1875	4584
2237	74.0625	37.1875	4278
2238	74.1875	37.1875	4465
2239	74.3125	37.1875	4803
2240	74.4375	37.1875	5063
2241	74.5625	37.1875	5004
2242	74.6875	37.1875	4805
2243	74.8125	37.1875	4595
2244	74.9375	37.1875	4864
2245	64.4375	37.0625	312
2246	64.5625	37.0625	299
2247	64.6875	37.0625	296
2248	64.8125	37.0625	292
2249	64.9375	37.0625	285
2250	65.0625	37.0625	278
2251	65.1875	37.0625	273
2252	65.3125	37.0625	266
2253	65.4375	37.0625	268
2254	65.5625	37.0625	273
2255	65.6875	37.0625	274
2256	65.8125	37.0625	276
2257	65.9375	37.0625	273
2258	66.0625	37.0625	272
2259	66.1875	37.0625	278
2260	66.3125	37.0625	281
2261	66.4375	37.0625	287
2262	66.5625	37.0625	290
2263	66.6875	37.0625	296
2264	66.8125	37.0625	295
2265	66.9375	37.0625	295
2266	67.0625	37.0625	296
2267	67.1875	37.0625	296
2268	67.3125	37.0625	298
2269	67.4375	37.0625	304
2270	67.5625	37.0625	309
2271	67.6875	37.0625	314
2272	67.8125	37.0625	329
2273	67.9375	37.0625	499
2274	68.0625	37.0625	351
2275	68.1875	37.0625	338
2276	68.3125	37.0625	372
2277	68.4375	37.0625	331
2278	68.5625	37.0625	353
2279	68.6875	37.0625	393
2280	68.8125	37.0625	456
2281	68.9375	37.0625	657
2282	69.0625	37.0625	500
2283	69.1875	37.0625	400
2284	69.3125	37.0625	509
2285	69.4375	37.0625	559
2286	69.5625	37.0625	684
2287	69.6875	37.0625	1087
2288	69.8125	37.0625	1568
2289	69.9375	37.0625	1764
2290	70.0625	37.0625	1314
2291	70.1875	37.0625	1253
2292	70.3125	37.0625	1734
2293	70.4375	37.0625	1825
2294	70.5625	37.0625	1634
2295	70.6875	37.0625	2052
2296	70.8125	37.0625	1946
2297	70.9375	37.0625	2532
2298	71.0625	37.0625	2798
2299	71.1875	37.0625	3057
2300	71.3125	37.0625	3452
2301	71.4375	37.0625	3263
2302	71.5625	37.0625	3962
2303	71.6875	37.0625	4588
2304	71.8125	37.0625	4276
2305	71.9375	37.0625	4447
2306	72.0625	37.0625	4752
2307	72.1875	37.0625	4790
2308	72.3125	37.0625	4446
2309	72.4375	37.0625	4280
2310	72.5625	37.0625	4101
2311	72.6875	37.0625	3551
2312	72.8125	37.0625	4545
2313	72.9375	37.0625	4693
2314	73.0625	37.0625	4965
2315	73.1875	37.0625	4977
2316	73.3125	37.0625	4617
2317	73.4375	37.0625	4463
2318	73.5625	37.0625	4421
2319	73.6875	37.0625	4441
2320	73.8125	37.0625	4356
2321	73.9375	37.0625	4311
2322	74.0625	37.0625	4485
2323	74.1875	37.0625	4701
2324	74.3125	37.0625	4814
2325	74.4375	37.0625	5015
2326	74.5625	37.0625	5054
2327	64.1875	36.9375	434
2328	64.3125	36.9375	397
2329	64.4375	36.9375	378
2330	64.5625	36.9375	360
2331	64.6875	36.9375	341
2332	64.8125	36.9375	325
2333	64.9375	36.9375	314
2334	65.0625	36.9375	305
2335	65.1875	36.9375	300
2336	65.3125	36.9375	281
2337	65.4375	36.9375	286
2338	65.5625	36.9375	279
2339	65.6875	36.9375	286
2340	65.8125	36.9375	287
2341	65.9375	36.9375	285
2342	66.0625	36.9375	282
2343	66.1875	36.9375	285
2344	66.3125	36.9375	292
2345	66.4375	36.9375	296
2346	66.5625	36.9375	303
2347	66.6875	36.9375	310
2348	66.8125	36.9375	312
2349	66.9375	36.9375	314
2350	67.0625	36.9375	312
2351	67.1875	36.9375	308
2352	67.3125	36.9375	311
2353	67.4375	36.9375	303
2354	67.5625	36.9375	306
2355	67.6875	36.9375	315
2356	67.8125	36.9375	322
2357	67.9375	36.9375	323
2358	68.0625	36.9375	310
2359	68.1875	36.9375	325
2360	68.3125	36.9375	381
2361	68.4375	36.9375	350
2362	68.5625	36.9375	343
2363	68.6875	36.9375	383
2364	68.8125	36.9375	423
2365	68.9375	36.9375	558
2366	69.0625	36.9375	542
2367	69.1875	36.9375	465
2368	69.3125	36.9375	734
2369	69.4375	36.9375	819
2370	69.5625	36.9375	957
2371	69.6875	36.9375	877
2372	69.8125	36.9375	1278
2373	69.9375	36.9375	1267
2374	70.0625	36.9375	1025
2375	70.1875	36.9375	1437
2376	70.3125	36.9375	1729
2377	70.4375	36.9375	2134
2378	70.5625	36.9375	2718
2379	70.6875	36.9375	2731
2380	70.8125	36.9375	2002
2381	70.9375	36.9375	2251
2382	71.0625	36.9375	2607
2383	71.1875	36.9375	3765
2384	71.3125	36.9375	3970
2385	71.4375	36.9375	3597
2386	71.5625	36.9375	3916
2387	71.6875	36.9375	4549
2388	71.8125	36.9375	4695
2389	71.9375	36.9375	4711
2390	72.0625	36.9375	4412
2391	72.1875	36.9375	3486
2392	72.3125	36.9375	3483
2393	72.4375	36.9375	3875
2394	72.5625	36.9375	4252
2395	72.6875	36.9375	4324
2396	72.8125	36.9375	4026
2397	72.9375	36.9375	4168
2398	73.0625	36.9375	4208
2399	73.1875	36.9375	4400
2400	73.3125	36.9375	4322
2401	73.4375	36.9375	3861
2402	73.5625	36.9375	4478
2403	73.6875	36.9375	4584
2404	73.8125	36.9375	4708
2405	73.9375	36.9375	4541
2406	74.0625	36.9375	4866
2407	74.1875	36.9375	5058
2408	74.3125	36.9375	5101
2409	74.4375	36.9375	4875
2410	74.5625	36.9375	4934
2411	64.1875	36.8125	561
2412	64.3125	36.8125	544
2413	64.4375	36.8125	492
2414	64.5625	36.8125	476
2415	64.6875	36.8125	449
2416	64.8125	36.8125	376
2417	64.9375	36.8125	345
2418	65.0625	36.8125	336
2419	65.1875	36.8125	338
2420	65.3125	36.8125	314
2421	65.4375	36.8125	376
2422	65.5625	36.8125	326
2423	65.6875	36.8125	306
2424	65.8125	36.8125	312
2425	65.9375	36.8125	305
2426	66.0625	36.8125	309
2427	66.1875	36.8125	311
2428	66.3125	36.8125	302
2429	66.4375	36.8125	304
2430	66.5625	36.8125	312
2431	66.6875	36.8125	323
2432	66.8125	36.8125	327
2433	66.9375	36.8125	330
2434	67.0625	36.8125	325
2435	67.1875	36.8125	321
2436	67.3125	36.8125	334
2437	67.4375	36.8125	330
2438	67.5625	36.8125	335
2439	67.6875	36.8125	353
2440	67.8125	36.8125	347
2441	67.9375	36.8125	346
2442	68.0625	36.8125	354
2443	68.1875	36.8125	343
2444	68.3125	36.8125	406
2445	68.4375	36.8125	522
2446	68.5625	36.8125	433
2447	68.6875	36.8125	361
2448	68.8125	36.8125	383
2449	68.9375	36.8125	449
2450	69.0625	36.8125	591
2451	69.1875	36.8125	829
2452	69.3125	36.8125	1019
2453	69.4375	36.8125	752
2454	69.5625	36.8125	1060
2455	69.6875	36.8125	1189
2456	69.8125	36.8125	1146
2457	69.9375	36.8125	1469
2458	70.0625	36.8125	1201
2459	70.1875	36.8125	1659
2460	70.3125	36.8125	2054
2461	70.4375	36.8125	2354
2462	70.5625	36.8125	2807
2463	70.6875	36.8125	3232
2464	70.8125	36.8125	2173
2465	70.9375	36.8125	2732
2466	71.0625	36.8125	2793
2467	71.1875	36.8125	3802
2468	71.3125	36.8125	4353
2469	71.4375	36.8125	4324
2470	71.5625	36.8125	3176
2471	71.6875	36.8125	4369
2472	71.8125	36.8125	4766
2473	71.9375	36.8125	3850
2474	72.0625	36.8125	3482
2475	72.1875	36.8125	4336
2476	72.3125	36.8125	4845
2477	72.4375	36.8125	5242
2478	72.5625	36.8125	4855
2479	72.6875	36.8125	4637
2480	72.8125	36.8125	4655
2481	72.9375	36.8125	4514
2482	73.0625	36.8125	4150
2483	73.3125	36.8125	4159
2484	73.5625	36.8125	4337
2485	73.9375	36.8125	4438
2486	74.0625	36.8125	4675
2487	74.1875	36.8125	4502
2488	64.5625	36.6875	581
2489	64.6875	36.6875	555
2490	64.8125	36.6875	439
2491	64.9375	36.6875	413
2492	65.0625	36.6875	380
2493	65.1875	36.6875	457
2494	65.3125	36.6875	372
2495	65.4375	36.6875	441
2496	65.5625	36.6875	387
2497	65.6875	36.6875	351
2498	65.8125	36.6875	345
2499	65.9375	36.6875	411
2500	66.0625	36.6875	437
2501	66.1875	36.6875	375
2502	66.3125	36.6875	366
2503	66.4375	36.6875	352
2504	66.5625	36.6875	375
2505	66.6875	36.6875	397
2506	66.8125	36.6875	378
2507	66.9375	36.6875	380
2508	67.0625	36.6875	394
2509	67.1875	36.6875	455
2510	67.3125	36.6875	588
2511	67.4375	36.6875	845
2512	67.5625	36.6875	792
2513	67.6875	36.6875	658
2514	67.8125	36.6875	541
2515	67.9375	36.6875	396
2516	68.0625	36.6875	414
2517	68.1875	36.6875	439
2518	68.3125	36.6875	406
2519	68.4375	36.6875	529
2520	68.5625	36.6875	688
2521	68.6875	36.6875	509
2522	68.8125	36.6875	393
2523	68.9375	36.6875	418
2524	69.0625	36.6875	473
2525	69.1875	36.6875	732
2526	69.3125	36.6875	837
2527	69.4375	36.6875	922
2528	69.5625	36.6875	975
2529	69.6875	36.6875	1257
2530	69.8125	36.6875	1537
2531	69.9375	36.6875	2159
2532	70.0625	36.6875	2294
2533	70.1875	36.6875	1701
2534	70.3125	36.6875	2614
2535	70.4375	36.6875	2916
2536	70.5625	36.6875	3378
2537	70.6875	36.6875	3973
2538	70.8125	36.6875	2638
2539	70.9375	36.6875	2648
2540	71.0625	36.6875	3105
2541	71.1875	36.6875	3451
2542	71.3125	36.6875	4188
2543	71.4375	36.6875	3449
2544	71.5625	36.6875	3268
2545	71.6875	36.6875	3350
2546	71.8125	36.6875	3562
2547	71.9375	36.6875	3744
2548	72.0625	36.6875	4711
2549	72.1875	36.6875	5272
2550	72.3125	36.6875	4737
2551	64.5625	36.5625	583
2552	64.6875	36.5625	530
2553	64.8125	36.5625	478
2554	64.9375	36.5625	405
2555	65.0625	36.5625	450
2556	65.1875	36.5625	470
2557	65.3125	36.5625	458
2558	65.4375	36.5625	464
2559	65.5625	36.5625	476
2560	65.6875	36.5625	449
2561	65.8125	36.5625	400
2562	65.9375	36.5625	462
2563	66.0625	36.5625	535
2564	66.1875	36.5625	492
2565	66.3125	36.5625	540
2566	66.4375	36.5625	740
2567	66.5625	36.5625	1103
2568	66.6875	36.5625	1023
2569	66.8125	36.5625	831
2570	66.9375	36.5625	620
2571	67.0625	36.5625	783
2572	67.1875	36.5625	1239
2573	67.3125	36.5625	1600
2574	67.4375	36.5625	1590
2575	67.5625	36.5625	1284
2576	67.6875	36.5625	933
2577	67.8125	36.5625	976
2578	67.9375	36.5625	1101
2579	68.0625	36.5625	843
2580	68.1875	36.5625	853
2581	68.3125	36.5625	569
2582	68.4375	36.5625	618
2583	68.5625	36.5625	681
2584	68.6875	36.5625	893
2585	68.8125	36.5625	535
2586	68.9375	36.5625	485
2587	69.0625	36.5625	722
2588	69.1875	36.5625	1132
2589	69.3125	36.5625	1221
2590	69.4375	36.5625	1159
2591	69.5625	36.5625	1465
2592	69.6875	36.5625	1703
2593	69.8125	36.5625	1701
2594	69.9375	36.5625	1835
2595	70.0625	36.5625	2876
2596	70.1875	36.5625	2527
2597	70.3125	36.5625	2361
2598	70.4375	36.5625	2874
2599	70.5625	36.5625	3941
2600	70.6875	36.5625	3145
2601	70.8125	36.5625	2418
2602	70.9375	36.5625	2803
2603	71.0625	36.5625	3714
2604	71.1875	36.5625	3771
2605	71.3125	36.5625	3362
2606	71.4375	36.5625	3621
2607	71.5625	36.5625	4349
2608	71.6875	36.5625	4583
2609	71.8125	36.5625	4449
2610	71.9375	36.5625	4989
2611	72.0625	36.5625	5193
2612	64.1875	36.4375	771
2613	64.3125	36.4375	695
2614	64.4375	36.4375	649
2615	64.5625	36.4375	571
2616	64.6875	36.4375	506
2617	64.8125	36.4375	435
2618	64.9375	36.4375	428
2619	65.0625	36.4375	484
2620	65.1875	36.4375	512
2621	65.3125	36.4375	535
2622	65.4375	36.4375	527
2623	65.5625	36.4375	512
2624	65.6875	36.4375	489
2625	65.8125	36.4375	481
2626	65.9375	36.4375	600
2627	66.0625	36.4375	651
2628	66.1875	36.4375	630
2629	66.3125	36.4375	678
2630	66.4375	36.4375	771
2631	66.5625	36.4375	932
2632	66.6875	36.4375	780
2633	66.8125	36.4375	616
2634	66.9375	36.4375	567
2635	67.0625	36.4375	1099
2636	67.1875	36.4375	1924
2637	67.3125	36.4375	2423
2638	67.4375	36.4375	2013
2639	67.5625	36.4375	1469
2640	67.6875	36.4375	1071
2641	67.8125	36.4375	1034
2642	67.9375	36.4375	899
2643	68.0625	36.4375	1098
2644	68.1875	36.4375	1168
2645	68.3125	36.4375	964
2646	68.4375	36.4375	736
2647	68.5625	36.4375	702
2648	68.6875	36.4375	613
2649	68.8125	36.4375	802
2650	68.9375	36.4375	741
2651	69.0625	36.4375	1140
2652	69.1875	36.4375	1234
2653	69.3125	36.4375	1237
2654	69.4375	36.4375	1397
2655	69.5625	36.4375	1692
2656	69.6875	36.4375	2665
2657	69.8125	36.4375	2474
2658	69.9375	36.4375	2339
2659	70.0625	36.4375	3497
2660	70.1875	36.4375	3180
2661	70.3125	36.4375	3245
2662	70.4375	36.4375	3849
2663	70.5625	36.4375	4306
2664	70.6875	36.4375	3393
2665	70.8125	36.4375	2875
2666	70.9375	36.4375	3701
2667	71.0625	36.4375	4043
2668	71.1875	36.4375	4418
2669	71.3125	36.4375	3586
2670	71.4375	36.4375	4110
2671	71.5625	36.4375	4637
2672	71.6875	36.4375	4615
2673	71.8125	36.4375	5390
2674	63.9375	36.3125	829
2675	64.0625	36.3125	748
2676	64.1875	36.3125	679
2677	64.3125	36.3125	635
2678	64.4375	36.3125	570
2679	64.5625	36.3125	566
2680	64.6875	36.3125	501
2681	64.8125	36.3125	511
2682	64.9375	36.3125	546
2683	65.0625	36.3125	593
2684	65.1875	36.3125	602
2685	65.3125	36.3125	602
2686	65.4375	36.3125	606
2687	65.5625	36.3125	574
2688	65.6875	36.3125	577
2689	65.8125	36.3125	577
2690	65.9375	36.3125	570
2691	66.0625	36.3125	676
2692	66.1875	36.3125	954
2693	66.3125	36.3125	1171
2694	66.4375	36.3125	1076
2695	66.5625	36.3125	1051
2696	66.6875	36.3125	836
2697	66.8125	36.3125	732
2698	66.9375	36.3125	750
2699	67.0625	36.3125	1133
2700	67.1875	36.3125	1500
2701	67.3125	36.3125	1997
2702	67.4375	36.3125	1949
2703	67.5625	36.3125	1688
2704	67.6875	36.3125	1356
2705	67.8125	36.3125	1040
2706	67.9375	36.3125	971
2707	68.0625	36.3125	1374
2708	68.1875	36.3125	1526
2709	68.3125	36.3125	1378
2710	68.4375	36.3125	1088
2711	68.5625	36.3125	823
2712	68.6875	36.3125	600
2713	68.8125	36.3125	506
2714	68.9375	36.3125	991
2715	69.0625	36.3125	1244
2716	69.1875	36.3125	1214
2717	69.3125	36.3125	1516
2718	69.4375	36.3125	2589
2719	69.5625	36.3125	2206
2720	69.6875	36.3125	3322
2721	69.8125	36.3125	3869
2722	69.9375	36.3125	2401
2723	70.0625	36.3125	2963
2724	70.1875	36.3125	3896
2725	70.3125	36.3125	4219
2726	70.4375	36.3125	4693
2727	70.5625	36.3125	4255
2728	70.6875	36.3125	3230
2729	70.8125	36.3125	3517
2730	70.9375	36.3125	4601
2731	71.0625	36.3125	4593
2732	71.1875	36.3125	3986
2733	71.3125	36.3125	4708
2734	71.4375	36.3125	4307
2735	71.5625	36.3125	4288
2736	63.9375	36.1875	803
2737	64.0625	36.1875	731
2738	64.1875	36.1875	676
2739	64.3125	36.1875	640
2740	64.4375	36.1875	608
2741	64.5625	36.1875	570
2742	64.6875	36.1875	546
2743	64.8125	36.1875	616
2744	64.9375	36.1875	775
2745	65.0625	36.1875	945
2746	65.1875	36.1875	768
2747	65.3125	36.1875	744
2748	65.4375	36.1875	762
2749	65.5625	36.1875	786
2750	65.6875	36.1875	794
2751	65.8125	36.1875	803
2752	65.9375	36.1875	729
2753	66.0625	36.1875	814
2754	66.1875	36.1875	1124
2755	66.3125	36.1875	1295
2756	66.4375	36.1875	1126
2757	66.5625	36.1875	1048
2758	66.6875	36.1875	1125
2759	66.8125	36.1875	965
2760	66.9375	36.1875	808
2761	67.0625	36.1875	1036
2762	67.1875	36.1875	1262
2763	67.3125	36.1875	1484
2764	67.4375	36.1875	1631
2765	67.5625	36.1875	1730
2766	67.6875	36.1875	1522
2767	67.8125	36.1875	1501
2768	67.9375	36.1875	1553
2769	68.0625	36.1875	1421
2770	68.1875	36.1875	1306
2771	68.3125	36.1875	1264
2772	68.4375	36.1875	1118
2773	68.5625	36.1875	849
2774	68.6875	36.1875	616
2775	68.8125	36.1875	645
2776	68.9375	36.1875	1006
2777	69.0625	36.1875	1339
2778	69.1875	36.1875	1428
2779	69.3125	36.1875	2189
2780	69.4375	36.1875	2889
2781	69.5625	36.1875	2106
2782	69.6875	36.1875	3051
2783	69.8125	36.1875	3239
2784	69.9375	36.1875	2747
2785	70.0625	36.1875	2701
2786	70.1875	36.1875	3115
2787	70.3125	36.1875	4076
2788	70.4375	36.1875	4605
2789	70.5625	36.1875	4415
2790	70.6875	36.1875	4430
2791	70.8125	36.1875	3766
2792	70.9375	36.1875	4706
2793	71.0625	36.1875	4569
2794	71.1875	36.1875	4209
2795	71.3125	36.1875	4806
2796	71.4375	36.1875	4471
2797	64.0625	36.0625	791
2798	64.1875	36.0625	788
2799	64.3125	36.0625	743
2800	64.4375	36.0625	736
2801	64.5625	36.0625	636
2802	64.6875	36.0625	680
2803	64.8125	36.0625	724
2804	64.9375	36.0625	770
2805	65.0625	36.0625	872
2806	65.1875	36.0625	1020
2807	65.3125	36.0625	1076
2808	65.4375	36.0625	1192
2809	65.5625	36.0625	1392
2810	65.6875	36.0625	1413
2811	65.8125	36.0625	1320
2812	65.9375	36.0625	1212
2813	66.0625	36.0625	987
2814	66.1875	36.0625	994
2815	66.3125	36.0625	1014
2816	66.4375	36.0625	1068
2817	66.5625	36.0625	1123
2818	66.6875	36.0625	1035
2819	66.8125	36.0625	975
2820	66.9375	36.0625	1319
2821	67.0625	36.0625	1203
2822	67.1875	36.0625	1273
2823	67.3125	36.0625	1613
2824	67.4375	36.0625	1877
2825	67.5625	36.0625	1922
2826	67.6875	36.0625	1989
2827	67.8125	36.0625	2160
2828	67.9375	36.0625	2214
2829	68.0625	36.0625	1784
2830	68.1875	36.0625	1693
2831	68.3125	36.0625	2027
2832	68.4375	36.0625	1818
2833	68.5625	36.0625	710
2834	68.6875	36.0625	686
2835	68.8125	36.0625	1141
2836	68.9375	36.0625	1091
2837	69.0625	36.0625	1098
2838	69.1875	36.0625	1582
2839	69.3125	36.0625	2099
2840	69.4375	36.0625	2421
2841	69.5625	36.0625	1863
2842	69.6875	36.0625	2327
2843	69.8125	36.0625	3489
2844	69.9375	36.0625	3813
2845	70.0625	36.0625	3597
2846	70.1875	36.0625	3996
2847	70.3125	36.0625	3739
2848	70.4375	36.0625	4734
2849	70.5625	36.0625	4180
2850	70.6875	36.0625	3290
2851	70.8125	36.0625	3526
2852	70.9375	36.0625	3916
2853	71.0625	36.0625	4352
2854	71.1875	36.0625	4608
2855	71.3125	36.0625	4122
2856	64.0625	35.9375	799
2857	64.1875	35.9375	760
2858	64.3125	35.9375	739
2859	64.4375	35.9375	739
2860	64.5625	35.9375	750
2861	64.6875	35.9375	826
2862	64.8125	35.9375	906
2863	64.9375	35.9375	965
2864	65.0625	35.9375	1224
2865	65.1875	35.9375	1428
2866	65.3125	35.9375	1610
2867	65.4375	35.9375	1643
2868	65.5625	35.9375	1966
2869	65.6875	35.9375	2279
2870	65.8125	35.9375	2399
2871	65.9375	35.9375	1896
2872	66.0625	35.9375	1439
2873	66.1875	35.9375	1262
2874	66.3125	35.9375	1268
2875	66.4375	35.9375	1261
2876	66.5625	35.9375	1269
2877	66.6875	35.9375	1245
2878	66.8125	35.9375	1572
2879	66.9375	35.9375	1763
2880	67.0625	35.9375	1726
2881	67.1875	35.9375	1655
2882	67.3125	35.9375	1482
2883	67.4375	35.9375	1800
2884	67.5625	35.9375	2241
2885	67.6875	35.9375	2582
2886	67.8125	35.9375	2805
2887	67.9375	35.9375	2189
2888	68.0625	35.9375	1789
2889	68.1875	35.9375	2045
2890	68.3125	35.9375	2522
2891	68.4375	35.9375	1519
2892	68.5625	35.9375	676
2893	68.6875	35.9375	747
2894	68.8125	35.9375	1104
2895	68.9375	35.9375	1456
2896	69.0625	35.9375	1573
2897	69.1875	35.9375	2015
2898	69.3125	35.9375	2383
2899	69.4375	35.9375	2721
2900	69.5625	35.9375	2211
2901	69.6875	35.9375	2595
2902	69.8125	35.9375	3512
2903	69.9375	35.9375	4315
2904	70.0625	35.9375	3835
2905	70.1875	35.9375	4634
2906	70.3125	35.9375	4316
2907	70.4375	35.9375	3952
2908	70.5625	35.9375	3658
2909	70.6875	35.9375	3817
2910	70.8125	35.9375	4387
2911	70.9375	35.9375	3867
2912	71.0625	35.9375	4858
2913	71.1875	35.9375	4210
2914	64.0625	35.8125	864
2915	64.1875	35.8125	882
2916	64.3125	35.8125	988
2917	64.4375	35.8125	993
2918	64.5625	35.8125	1015
2919	64.6875	35.8125	1129
2920	64.8125	35.8125	1333
2921	64.9375	35.8125	1499
2922	65.0625	35.8125	1773
2923	65.1875	35.8125	1565
2924	65.3125	35.8125	1514
2925	65.4375	35.8125	1891
2926	65.5625	35.8125	2366
2927	65.6875	35.8125	2333
2928	65.8125	35.8125	2291
2929	65.9375	35.8125	2169
2930	66.0625	35.8125	1934
2931	66.1875	35.8125	1810
2932	66.3125	35.8125	1847
2933	66.4375	35.8125	1992
2934	66.5625	35.8125	2040
2935	66.6875	35.8125	1972
2936	66.8125	35.8125	1918
2937	66.9375	35.8125	1569
2938	67.0625	35.8125	1812
2939	67.1875	35.8125	2147
2940	67.3125	35.8125	1869
2941	67.4375	35.8125	2087
2942	67.5625	35.8125	2495
2943	67.6875	35.8125	2696
2944	67.8125	35.8125	2300
2945	67.9375	35.8125	2074
2946	68.0625	35.8125	2264
2947	68.1875	35.8125	2832
2948	68.3125	35.8125	2726
2949	68.4375	35.8125	1457
2950	68.5625	35.8125	1051
2951	68.6875	35.8125	1086
2952	68.8125	35.8125	894
2953	68.9375	35.8125	1602
2954	69.0625	35.8125	2305
2955	69.1875	35.8125	2503
2956	69.3125	35.8125	2493
2957	69.4375	35.8125	2955
2958	69.5625	35.8125	2862
2959	69.6875	35.8125	3710
2960	69.8125	35.8125	3899
2961	69.9375	35.8125	4390
2962	70.0625	35.8125	4412
2963	70.1875	35.8125	4318
2964	70.3125	35.8125	4355
2965	70.4375	35.8125	4430
2966	70.5625	35.8125	4417
2967	70.6875	35.8125	4669
2968	70.8125	35.8125	3924
2969	70.9375	35.8125	4681
2970	71.0625	35.8125	4608
2971	64.1875	35.6875	1102
2972	64.3125	35.6875	1316
2973	64.4375	35.6875	1671
2974	64.5625	35.6875	1435
2975	64.6875	35.6875	1773
2976	64.8125	35.6875	1933
2977	64.9375	35.6875	1790
2978	65.0625	35.6875	1718
2979	65.1875	35.6875	1522
2980	65.3125	35.6875	1531
2981	65.4375	35.6875	2077
2982	65.5625	35.6875	2457
2983	65.6875	35.6875	2380
2984	65.8125	35.6875	2699
2985	65.9375	35.6875	2374
2986	66.0625	35.6875	2076
2987	66.1875	35.6875	2577
2988	66.3125	35.6875	2943
2989	66.4375	35.6875	3103
2990	66.5625	35.6875	2959
2991	66.6875	35.6875	2717
2992	66.8125	35.6875	2557
2993	66.9375	35.6875	1806
2994	67.0625	35.6875	2459
2995	67.1875	35.6875	2766
2996	67.3125	35.6875	2466
2997	67.4375	35.6875	2697
2998	67.5625	35.6875	2719
2999	67.6875	35.6875	2559
3000	67.8125	35.6875	2231
3001	67.9375	35.6875	2383
3002	68.0625	35.6875	3006
3003	68.1875	35.6875	3384
3004	68.3125	35.6875	2764
3005	68.4375	35.6875	2060
3006	68.5625	35.6875	1588
3007	68.6875	35.6875	1486
3008	68.8125	35.6875	1452
3009	68.9375	35.6875	1974
3010	69.0625	35.6875	1854
3011	69.1875	35.6875	1988
3012	69.3125	35.6875	1875
3013	69.4375	35.6875	2469
3014	69.5625	35.6875	3533
3015	69.6875	35.6875	3800
3016	69.8125	35.6875	3968
3017	69.9375	35.6875	3755
3018	70.3125	35.6875	4552
3019	70.4375	35.6875	4492
3020	70.5625	35.6875	4642
3021	70.6875	35.6875	4255
3022	70.8125	35.6875	4278
3023	70.9375	35.6875	4642
3024	71.0625	35.6875	4429
3025	64.3125	35.5625	1953
3026	64.4375	35.5625	2035
3027	64.5625	35.5625	1842
3028	64.6875	35.5625	2413
3029	64.8125	35.5625	2245
3030	64.9375	35.5625	2539
3031	65.0625	35.5625	2160
3032	65.1875	35.5625	2043
3033	65.3125	35.5625	2333
3034	65.4375	35.5625	2733
3035	65.5625	35.5625	2321
3036	65.6875	35.5625	2450
3037	65.8125	35.5625	2618
3038	65.9375	35.5625	2748
3039	66.0625	35.5625	2932
3040	66.1875	35.5625	2778
3041	66.3125	35.5625	3226
3042	66.4375	35.5625	3153
3043	66.5625	35.5625	2912
3044	66.6875	35.5625	2422
3045	66.8125	35.5625	2214
3046	66.9375	35.5625	2860
3047	67.0625	35.5625	3325
3048	67.1875	35.5625	2830
3049	67.3125	35.5625	2951
3050	67.4375	35.5625	3237
3051	67.5625	35.5625	2957
3052	67.6875	35.5625	2919
3053	67.8125	35.5625	2637
3054	67.9375	35.5625	2767
3055	68.0625	35.5625	3102
3056	68.1875	35.5625	3135
3057	68.3125	35.5625	2038
3058	68.4375	35.5625	1626
3059	68.5625	35.5625	1425
3060	68.6875	35.5625	1427
3061	68.8125	35.5625	1536
3062	68.9375	35.5625	1634
3063	69.0625	35.5625	1970
3064	69.1875	35.5625	2495
3065	69.3125	35.5625	2634
3066	69.4375	35.5625	2778
3067	69.5625	35.5625	3349
3068	69.6875	35.5625	3812
3069	69.8125	35.5625	3581
3070	70.5625	35.5625	4460
3071	70.6875	35.5625	4500
3072	70.8125	35.5625	4617
3073	70.9375	35.5625	4266
3074	64.3125	35.4375	2691
3075	64.4375	35.4375	2734
3076	64.5625	35.4375	2659
3077	64.6875	35.4375	2573
3078	64.8125	35.4375	2545
3079	64.9375	35.4375	2450
3080	65.0625	35.4375	2558
3081	65.1875	35.4375	2602
3082	65.3125	35.4375	2760
3083	65.4375	35.4375	2736
3084	65.5625	35.4375	2597
3085	65.6875	35.4375	2732
3086	65.8125	35.4375	2939
3087	65.9375	35.4375	3034
3088	66.0625	35.4375	3365
3089	66.1875	35.4375	3348
3090	66.3125	35.4375	2973
3091	66.4375	35.4375	2593
3092	66.5625	35.4375	2459
3093	66.6875	35.4375	2744
3094	66.8125	35.4375	2900
3095	66.9375	35.4375	3330
3096	67.0625	35.4375	3101
3097	67.1875	35.4375	3245
3098	67.3125	35.4375	3398
3099	67.4375	35.4375	3191
3100	67.5625	35.4375	3257
3101	67.6875	35.4375	2928
3102	67.8125	35.4375	2576
3103	67.9375	35.4375	2974
3104	68.0625	35.4375	2807
3105	68.1875	35.4375	1923
3106	68.3125	35.4375	1541
3107	68.4375	35.4375	2163
3108	68.5625	35.4375	2617
3109	68.6875	35.4375	2818
3110	68.8125	35.4375	3069
3111	68.9375	35.4375	2908
3112	69.0625	35.4375	3237
3113	69.1875	35.4375	3596
3114	69.3125	35.4375	3908
3115	69.4375	35.4375	4000
3116	69.5625	35.4375	3868
3117	69.6875	35.4375	3213
3118	70.5625	35.4375	4332
3119	70.6875	35.4375	4109
3120	70.8125	35.4375	4243
3121	70.9375	35.4375	3696
3122	65.4375	35.3125	2913
3123	65.5625	35.3125	2965
3124	65.6875	35.3125	3130
3125	65.8125	35.3125	2788
3126	65.9375	35.3125	3025
3127	66.0625	35.3125	3101
3128	66.1875	35.3125	3038
3129	66.3125	35.3125	2960
3130	66.4375	35.3125	2598
3131	66.5625	35.3125	3218
3132	66.6875	35.3125	3627
3133	66.8125	35.3125	3553
3134	66.9375	35.3125	3309
3135	67.0625	35.3125	3096
3136	67.1875	35.3125	3137
3137	67.3125	35.3125	3136
3138	67.4375	35.3125	3083
3139	67.5625	35.3125	2379
3140	67.6875	35.3125	2457
3141	67.8125	35.3125	2350
3142	67.9375	35.3125	1970
3143	68.0625	35.3125	1943
3144	68.1875	35.3125	1918
3145	68.3125	35.3125	2521
3146	68.4375	35.3125	3133
3147	68.5625	35.3125	3406
3148	68.6875	35.3125	3853
3149	68.8125	35.3125	4165
3150	68.9375	35.3125	3985
3151	69.0625	35.3125	3472
3152	65.4375	35.1875	2961
3153	65.5625	35.1875	2889
3154	65.9375	35.1875	3237
3155	66.0625	35.1875	3225
3156	66.1875	35.1875	2752
3157	66.3125	35.1875	2628
3158	66.4375	35.1875	3088
3159	66.5625	35.1875	3417
3160	66.6875	35.1875	3526
3161	66.8125	35.1875	3431
3162	66.9375	35.1875	3409
3163	67.0625	35.1875	3263
3164	67.1875	35.1875	3234
3165	67.3125	35.1875	3488
3166	67.4375	35.1875	3043
3167	67.5625	35.1875	2561
3168	67.6875	35.1875	2334
3169	67.8125	35.1875	2295
3170	67.9375	35.1875	2121
3171	68.0625	35.1875	2561
3172	68.1875	35.1875	2784
3173	68.3125	35.1875	3066
3174	68.4375	35.1875	3887
3175	68.5625	35.1875	3825
3176	68.6875	35.1875	4105
3177	68.8125	35.1875	3808
3178	69.0625	35.1875	3213
3179	66.0625	35.0625	3454
3180	66.1875	35.0625	3105
3181	66.3125	35.0625	2798
3182	66.4375	35.0625	2835
3183	66.5625	35.0625	3372
3184	66.6875	35.0625	3230
3185	66.8125	35.0625	3546
3186	66.9375	35.0625	3577
3187	67.0625	35.0625	3341
3188	67.1875	35.0625	3472
3189	67.3125	35.0625	3632
3190	67.4375	35.0625	3236
3191	67.5625	35.0625	2933
3192	67.6875	35.0625	2932
3193	67.8125	35.0625	3293
3194	67.9375	35.0625	3167
3195	68.0625	35.0625	2890
3196	68.1875	35.0625	3780
3197	68.3125	35.0625	3903
3198	68.4375	35.0625	3695
3199	68.5625	35.0625	3640
3200	66.0625	34.9375	3192
3201	66.1875	34.9375	3408
3202	66.3125	34.9375	3359
3203	66.4375	34.9375	3253
3204	66.5625	34.9375	2685
3205	66.6875	34.9375	3323
3206	66.8125	34.9375	3663
3207	66.9375	34.9375	3618
3208	67.0625	34.9375	3465
3209	67.1875	34.9375	3474
3210	67.3125	34.9375	3349
3211	67.4375	34.9375	3396
3212	67.5625	34.9375	3269
3213	67.6875	34.9375	3301
3214	67.8125	34.9375	3574
3215	67.9375	34.9375	3223
3216	68.0625	34.9375	2969
3217	68.1875	34.9375	3226
3218	68.3125	34.9375	2995
3219	66.1875	34.8125	3306
3220	66.4375	34.8125	3421
3221	66.5625	34.8125	3534
3222	66.6875	34.8125	2766
3223	66.8125	34.8125	3110
3224	66.9375	34.8125	3467
3225	67.0625	34.8125	3216
3226	67.1875	34.8125	3137
3227	67.3125	34.8125	3286
3228	67.4375	34.8125	3307
3229	67.5625	34.8125	3132
3230	67.6875	34.8125	2939
3231	67.8125	34.8125	2729
3232	67.9375	34.8125	2766
3233	68.0625	34.8125	3008
3234	68.1875	34.8125	3505
3235	68.3125	34.8125	3619
3236	66.5625	34.6875	3443
3237	66.6875	34.6875	3474
3238	66.8125	34.6875	2913
3239	66.9375	34.6875	2774
3240	67.0625	34.6875	2977
3241	67.1875	34.6875	3161
3242	67.3125	34.6875	3489
3243	67.4375	34.6875	3720
3244	67.5625	34.6875	3701
3245	67.6875	34.6875	3815
3246	67.8125	34.6875	3698
3247	67.9375	34.6875	3568
3248	68.0625	34.6875	3448
3249	68.1875	34.6875	3419
3250	66.6875	34.5625	3408
3251	66.8125	34.5625	3247
3252	66.9375	34.5625	3238
3253	67.0625	34.5625	3542
3254	67.1875	34.5625	3514
3255	67.3125	34.5625	3502
3256	67.8125	34.5625	3391
3257	67.9375	34.5625	3768
3258	68.0625	34.5625	3678
3259	66.6875	34.4375	3174
3260	66.8125	34.4375	3210
