ID	X	Y	landcover
1	59.4375	44.0625	20
2	59.5625	44.0625	20
3	59.4375	43.9375	20
4	59.5625	43.9375	19
5	59.1875	43.8125	19
6	59.3125	43.8125	19
7	59.4375	43.8125	17
8	59.0625	43.6875	19
9	59.1875	43.6875	19
10	59.3125	43.6875	19
11	59.4375	43.6875	17
12	59.5625	43.6875	17
13	59.0625	43.5625	9
14	59.1875	43.5625	9
15	59.3125	43.5625	9
16	59.4375	43.5625	17
17	59.5625	43.5625	17
18	59.0625	43.4375	9
19	59.1875	43.4375	9
20	59.3125	43.4375	9
21	59.4375	43.4375	19
22	59.5625	43.4375	17
23	59.0625	43.3125	9
24	59.1875	43.3125	9
25	59.3125	43.3125	9
26	59.4375	43.3125	9
27	59.0625	43.1875	9
28	59.1875	43.1875	9
29	59.3125	43.1875	9
30	59.4375	43.1875	21
31	59.0625	43.0625	9
32	59.1875	43.0625	9
33	59.3125	43.0625	9
34	59.4375	43.0625	9
35	59.1875	42.9375	9
36	59.3125	42.9375	9
37	59.4375	42.9375	9
38	59.1875	42.8125	9
39	59.3125	42.8125	9
40	59.4375	42.8125	9
41	59.1875	42.6875	9
42	59.3125	42.6875	9
43	59.4375	42.6875	9
44	59.1875	42.5625	9
45	59.3125	42.5625	9
46	59.4375	42.5625	9
47	59.5625	42.5625	9
48	59.4375	42.4375	9
49	59.5625	42.4375	9
50	59.6875	42.4375	20
51	59.8125	42.4375	20
52	59.9375	42.4375	20
53	60.0625	42.4375	20
54	60.1875	42.4375	20
55	59.5625	42.3125	9
56	59.6875	42.3125	9
57	59.8125	42.3125	9
58	59.9375	42.3125	9
59	60.0625	42.3125	20
60	60.1875	42.3125	20
61	59.9375	42.1875	9
62	60.0625	42.1875	9
63	60.1875	42.1875	9
64	60.3125	42.1875	20
65	60.4375	42.1875	20
66	60.1875	42.0625	9
67	60.3125	42.0625	20
68	60.4375	42.0625	20
69	60.5625	42.0625	20
70	60.6875	42.0625	20
71	60.8125	42.0625	20
72	60.1875	41.9375	9
73	60.3125	41.9375	9
74	60.4375	41.9375	9
75	60.5625	41.9375	9
76	60.6875	41.9375	9
77	60.8125	41.9375	9
78	60.9375	41.9375	9
79	60.3125	41.8125	9
80	60.4375	41.8125	9
81	60.5625	41.8125	9
82	60.6875	41.8125	9
83	60.8125	41.8125	9
84	60.9375	41.8125	9
85	60.5625	41.6875	9
86	60.6875	41.6875	9
87	60.8125	41.6875	9
88	60.9375	41.6875	9
89	60.6875	41.5625	9
90	60.8125	41.5625	9
91	60.9375	41.5625	9
92	61.0625	41.5625	9
93	60.8125	41.4375	9
94	60.9375	41.4375	9
95	61.0625	41.4375	9
96	61.1875	41.4375	16
97	61.3125	41.4375	20
98	61.4375	41.4375	16
99	60.9375	41.3125	9
100	61.0625	41.3125	9
101	61.1875	41.3125	9
102	61.3125	41.3125	16
103	61.4375	41.3125	20
104	61.5625	41.3125	16
105	61.6875	41.3125	16
106	61.1875	41.1875	16
107	61.3125	41.1875	9
108	61.4375	41.1875	20
109	61.5625	41.1875	25
110	61.6875	41.1875	20
111	61.8125	41.1875	16
112	61.9375	41.1875	16
113	61.4375	41.0625	25
114	61.5625	41.0625	25
115	61.6875	41.0625	16
116	61.8125	41.0625	16
117	61.9375	41.0625	20
118	62.0625	41.0625	16
119	61.4375	40.9375	16
120	61.5625	40.9375	16
121	61.6875	40.9375	16
122	61.8125	40.9375	16
123	61.9375	40.9375	16
124	62.0625	40.9375	16
125	62.1875	40.9375	16
126	61.6875	40.8125	16
127	61.8125	40.8125	16
128	61.9375	40.8125	16
129	62.0625	40.8125	16
130	62.1875	40.8125	16
131	62.3125	40.8125	16
132	61.8125	40.6875	16
133	61.9375	40.6875	16
134	62.0625	40.6875	16
135	62.1875	40.6875	16
136	62.3125	40.6875	16
137	62.4375	40.6875	16
138	62.0625	40.5625	16
139	62.1875	40.5625	16
140	62.3125	40.5625	16
141	62.4375	40.5625	16
142	62.5625	40.5625	16
143	62.6875	40.5625	16
144	62.0625	40.4375	16
145	62.1875	40.4375	16
146	62.3125	40.4375	16
147	62.4375	40.4375	16
148	62.5625	40.4375	16
149	62.6875	40.4375	16
150	62.8125	40.4375	16
151	62.9375	40.4375	16
152	63.0625	40.4375	16
153	65.3125	40.4375	16
154	65.4375	40.4375	16
155	65.5625	40.4375	17
156	65.8125	40.4375	17
157	65.9375	40.4375	17
158	66.0625	40.4375	17
159	66.4375	40.4375	17
160	66.5625	40.4375	17
161	66.6875	40.4375	17
162	66.8125	40.4375	17
163	66.9375	40.4375	17
164	67.0625	40.4375	17
165	62.0625	40.3125	16
166	62.1875	40.3125	16
167	62.3125	40.3125	16
168	62.4375	40.3125	16
169	62.5625	40.3125	16
170	62.6875	40.3125	16
171	62.8125	40.3125	16
172	62.9375	40.3125	16
173	63.0625	40.3125	16
174	63.1875	40.3125	20
175	63.3125	40.3125	16
176	63.4375	40.3125	17
177	63.5625	40.3125	17
178	63.6875	40.3125	9
179	65.1875	40.3125	16
180	65.3125	40.3125	16
181	65.4375	40.3125	16
182	65.5625	40.3125	16
183	65.6875	40.3125	17
184	65.8125	40.3125	17
185	65.9375	40.3125	17
186	66.0625	40.3125	17
187	66.1875	40.3125	17
188	66.3125	40.3125	17
189	66.4375	40.3125	17
190	66.5625	40.3125	17
191	66.6875	40.3125	17
192	66.8125	40.3125	17
193	66.9375	40.3125	17
194	67.0625	40.3125	17
195	67.1875	40.3125	17
196	67.3125	40.3125	17
197	67.4375	40.3125	17
198	62.1875	40.1875	16
199	62.3125	40.1875	16
200	62.4375	40.1875	16
201	62.5625	40.1875	16
202	62.6875	40.1875	16
203	62.8125	40.1875	16
204	62.9375	40.1875	16
205	63.0625	40.1875	20
206	63.1875	40.1875	20
207	63.3125	40.1875	20
208	63.4375	40.1875	20
209	63.5625	40.1875	20
210	63.6875	40.1875	20
211	63.8125	40.1875	20
212	63.9375	40.1875	20
213	64.6875	40.1875	9
214	64.8125	40.1875	9
215	64.9375	40.1875	16
216	65.0625	40.1875	16
217	65.1875	40.1875	9
218	65.3125	40.1875	9
219	65.4375	40.1875	17
220	65.5625	40.1875	17
221	65.6875	40.1875	17
222	65.8125	40.1875	20
223	65.9375	40.1875	20
224	66.0625	40.1875	20
225	66.1875	40.1875	20
226	66.3125	40.1875	20
227	66.4375	40.1875	17
228	66.5625	40.1875	17
229	66.6875	40.1875	17
230	66.8125	40.1875	17
231	66.9375	40.1875	9
232	67.0625	40.1875	17
233	67.1875	40.1875	17
234	67.3125	40.1875	17
235	67.4375	40.1875	16
236	62.1875	40.0625	16
237	62.3125	40.0625	16
238	62.4375	40.0625	16
239	62.5625	40.0625	16
240	62.6875	40.0625	16
241	62.8125	40.0625	16
242	62.9375	40.0625	16
243	63.0625	40.0625	16
244	63.1875	40.0625	20
245	63.3125	40.0625	20
246	63.4375	40.0625	20
247	63.5625	40.0625	20
248	63.6875	40.0625	20
249	63.8125	40.0625	20
250	63.9375	40.0625	19
251	64.0625	40.0625	19
252	64.4375	40.0625	9
253	64.5625	40.0625	9
254	64.6875	40.0625	9
255	64.8125	40.0625	9
256	64.9375	40.0625	16
257	65.0625	40.0625	9
258	65.1875	40.0625	16
259	65.3125	40.0625	16
260	65.4375	40.0625	16
261	65.5625	40.0625	9
262	65.6875	40.0625	17
263	65.8125	40.0625	17
264	65.9375	40.0625	17
265	66.0625	40.0625	9
266	66.1875	40.0625	17
267	66.3125	40.0625	9
268	66.4375	40.0625	20
269	66.5625	40.0625	9
270	66.6875	40.0625	9
271	66.8125	40.0625	9
272	66.9375	40.0625	17
273	67.0625	40.0625	17
274	67.1875	40.0625	9
275	67.3125	40.0625	9
276	67.4375	40.0625	9
277	62.1875	39.9375	16
278	62.3125	39.9375	16
279	62.4375	39.9375	16
280	62.5625	39.9375	16
281	62.6875	39.9375	16
282	62.8125	39.9375	16
283	62.9375	39.9375	16
284	63.0625	39.9375	20
285	63.1875	39.9375	20
286	63.3125	39.9375	20
287	63.4375	39.9375	20
288	63.5625	39.9375	20
289	63.6875	39.9375	20
290	63.8125	39.9375	20
291	63.9375	39.9375	19
292	64.0625	39.9375	19
293	64.1875	39.9375	9
294	64.3125	39.9375	9
295	64.4375	39.9375	9
296	64.5625	39.9375	9
297	64.6875	39.9375	9
298	64.8125	39.9375	16
299	64.9375	39.9375	16
300	65.0625	39.9375	16
301	65.1875	39.9375	16
302	65.3125	39.9375	16
303	65.4375	39.9375	16
304	65.5625	39.9375	17
305	65.6875	39.9375	17
306	65.8125	39.9375	17
307	65.9375	39.9375	17
308	66.0625	39.9375	17
309	66.1875	39.9375	17
310	66.3125	39.9375	17
311	66.4375	39.9375	17
312	66.5625	39.9375	17
313	66.6875	39.9375	17
314	66.8125	39.9375	9
315	66.9375	39.9375	9
316	67.0625	39.9375	9
317	67.1875	39.9375	17
318	67.3125	39.9375	17
319	67.4375	39.9375	9
320	62.1875	39.8125	16
321	62.3125	39.8125	16
322	62.4375	39.8125	16
323	62.5625	39.8125	16
324	62.6875	39.8125	16
325	62.8125	39.8125	16
326	62.9375	39.8125	20
327	63.0625	39.8125	20
328	63.1875	39.8125	20
329	63.3125	39.8125	16
330	63.4375	39.8125	16
331	63.5625	39.8125	16
332	63.6875	39.8125	19
333	63.8125	39.8125	19
334	63.9375	39.8125	19
335	64.0625	39.8125	9
336	64.1875	39.8125	9
337	64.3125	39.8125	9
338	64.4375	39.8125	9
339	64.5625	39.8125	9
340	64.6875	39.8125	20
341	64.8125	39.8125	25
342	64.9375	39.8125	25
343	65.0625	39.8125	16
344	65.1875	39.8125	16
345	65.3125	39.8125	16
346	65.4375	39.8125	16
347	65.5625	39.8125	16
348	65.6875	39.8125	16
349	65.8125	39.8125	17
350	65.9375	39.8125	17
351	66.0625	39.8125	17
352	66.1875	39.8125	17
353	66.3125	39.8125	9
354	66.4375	39.8125	9
355	66.5625	39.8125	9
356	66.6875	39.8125	17
357	66.8125	39.8125	17
358	66.9375	39.8125	17
359	67.0625	39.8125	17
360	67.1875	39.8125	17
361	67.3125	39.8125	17
362	67.4375	39.8125	9
363	67.5625	39.8125	9
364	67.6875	39.8125	9
365	71.6875	39.8125	24
366	71.8125	39.8125	24
367	72.5625	39.8125	24
368	72.6875	39.8125	24
369	72.8125	39.8125	24
370	72.9375	39.8125	17
371	73.0625	39.8125	17
372	73.1875	39.8125	17
373	73.3125	39.8125	17
374	73.4375	39.8125	17
375	73.5625	39.8125	17
376	73.6875	39.8125	17
377	62.1875	39.6875	16
378	62.3125	39.6875	16
379	62.4375	39.6875	16
380	62.5625	39.6875	16
381	62.6875	39.6875	16
382	62.8125	39.6875	16
383	62.9375	39.6875	16
384	63.0625	39.6875	20
385	63.1875	39.6875	20
386	63.3125	39.6875	20
387	63.4375	39.6875	20
388	63.5625	39.6875	16
389	63.6875	39.6875	20
390	63.8125	39.6875	20
391	63.9375	39.6875	19
392	64.0625	39.6875	9
393	64.1875	39.6875	9
394	64.3125	39.6875	9
395	64.4375	39.6875	9
396	64.5625	39.6875	20
397	64.6875	39.6875	20
398	64.8125	39.6875	16
399	64.9375	39.6875	16
400	65.0625	39.6875	16
401	65.1875	39.6875	16
402	65.3125	39.6875	16
403	65.4375	39.6875	16
404	65.5625	39.6875	17
405	65.6875	39.6875	16
406	65.8125	39.6875	16
407	65.9375	39.6875	16
408	66.0625	39.6875	17
409	66.1875	39.6875	17
410	66.3125	39.6875	17
411	66.4375	39.6875	17
412	66.5625	39.6875	9
413	66.6875	39.6875	9
414	66.8125	39.6875	9
415	66.9375	39.6875	17
416	67.0625	39.6875	17
417	67.1875	39.6875	17
418	67.3125	39.6875	17
419	67.4375	39.6875	17
420	67.5625	39.6875	17
421	67.6875	39.6875	17
422	67.8125	39.6875	17
423	67.9375	39.6875	17
424	71.5625	39.6875	24
425	71.6875	39.6875	24
426	71.8125	39.6875	24
427	71.9375	39.6875	17
428	72.0625	39.6875	17
429	72.1875	39.6875	17
430	72.3125	39.6875	20
431	72.4375	39.6875	17
432	72.5625	39.6875	17
433	72.6875	39.6875	17
434	72.8125	39.6875	17
435	72.9375	39.6875	17
436	73.0625	39.6875	17
437	73.1875	39.6875	17
438	73.3125	39.6875	17
439	73.4375	39.6875	17
440	73.5625	39.6875	17
441	73.6875	39.6875	17
442	62.3125	39.5625	16
443	62.4375	39.5625	16
444	62.5625	39.5625	16
445	62.6875	39.5625	16
446	62.8125	39.5625	16
447	62.9375	39.5625	16
448	63.0625	39.5625	16
449	63.1875	39.5625	17
450	63.3125	39.5625	17
451	63.4375	39.5625	17
452	63.5625	39.5625	19
453	63.6875	39.5625	9
454	63.8125	39.5625	9
455	63.9375	39.5625	9
456	64.0625	39.5625	17
457	64.1875	39.5625	17
458	64.3125	39.5625	17
459	64.4375	39.5625	16
460	64.5625	39.5625	16
461	64.6875	39.5625	16
462	64.8125	39.5625	16
463	64.9375	39.5625	16
464	65.0625	39.5625	16
465	65.1875	39.5625	16
466	65.3125	39.5625	16
467	65.4375	39.5625	16
468	65.5625	39.5625	16
469	65.6875	39.5625	17
470	65.8125	39.5625	16
471	65.9375	39.5625	17
472	66.0625	39.5625	17
473	66.1875	39.5625	17
474	66.3125	39.5625	17
475	66.4375	39.5625	17
476	66.5625	39.5625	9
477	66.6875	39.5625	17
478	66.8125	39.5625	17
479	66.9375	39.5625	9
480	67.0625	39.5625	17
481	67.1875	39.5625	17
482	67.3125	39.5625	17
483	67.4375	39.5625	17
484	67.5625	39.5625	17
485	67.6875	39.5625	17
486	67.8125	39.5625	17
487	67.9375	39.5625	17
488	68.0625	39.5625	17
489	68.1875	39.5625	17
490	68.3125	39.5625	17
491	68.4375	39.5625	17
492	68.5625	39.5625	17
493	68.6875	39.5625	17
494	68.8125	39.5625	17
495	69.1875	39.5625	17
496	69.3125	39.5625	17
497	69.4375	39.5625	24
498	69.5625	39.5625	24
499	69.6875	39.5625	24
500	69.8125	39.5625	24
501	69.9375	39.5625	24
502	70.0625	39.5625	24
503	70.1875	39.5625	24
504	70.3125	39.5625	24
505	70.4375	39.5625	24
506	70.5625	39.5625	24
507	70.6875	39.5625	24
508	71.0625	39.5625	17
509	71.1875	39.5625	24
510	71.3125	39.5625	24
511	71.4375	39.5625	24
512	71.5625	39.5625	24
513	71.6875	39.5625	17
514	71.8125	39.5625	17
515	71.9375	39.5625	17
516	72.0625	39.5625	17
517	72.1875	39.5625	17
518	72.3125	39.5625	17
519	72.4375	39.5625	21
520	72.5625	39.5625	16
521	72.6875	39.5625	17
522	72.8125	39.5625	17
523	72.9375	39.5625	17
524	73.0625	39.5625	17
525	73.1875	39.5625	17
526	73.3125	39.5625	17
527	73.4375	39.5625	17
528	73.5625	39.5625	17
529	73.6875	39.5625	17
530	62.3125	39.4375	20
531	62.4375	39.4375	16
532	62.5625	39.4375	16
533	62.6875	39.4375	16
534	62.8125	39.4375	20
535	62.9375	39.4375	16
536	63.0625	39.4375	20
537	63.1875	39.4375	17
538	63.3125	39.4375	17
539	63.4375	39.4375	17
540	63.5625	39.4375	17
541	63.6875	39.4375	9
542	63.8125	39.4375	9
543	63.9375	39.4375	9
544	64.0625	39.4375	19
545	64.1875	39.4375	16
546	64.3125	39.4375	16
547	64.4375	39.4375	16
548	64.5625	39.4375	16
549	64.6875	39.4375	16
550	64.8125	39.4375	16
551	64.9375	39.4375	9
552	65.0625	39.4375	9
553	65.1875	39.4375	16
554	65.3125	39.4375	16
555	65.4375	39.4375	16
556	65.5625	39.4375	16
557	65.6875	39.4375	17
558	65.8125	39.4375	17
559	65.9375	39.4375	17
560	66.0625	39.4375	17
561	66.1875	39.4375	17
562	66.3125	39.4375	17
563	66.4375	39.4375	17
564	66.5625	39.4375	17
565	66.6875	39.4375	17
566	66.8125	39.4375	17
567	66.9375	39.4375	17
568	67.0625	39.4375	17
569	67.1875	39.4375	17
570	67.3125	39.4375	9
571	67.4375	39.4375	17
572	67.5625	39.4375	17
573	67.6875	39.4375	17
574	67.8125	39.4375	17
575	67.9375	39.4375	17
576	68.0625	39.4375	17
577	68.1875	39.4375	17
578	68.3125	39.4375	17
579	68.4375	39.4375	17
580	68.5625	39.4375	17
581	68.6875	39.4375	17
582	68.8125	39.4375	17
583	68.9375	39.4375	17
584	69.0625	39.4375	17
585	69.1875	39.4375	17
586	69.3125	39.4375	17
587	69.4375	39.4375	17
588	69.5625	39.4375	17
589	69.6875	39.4375	17
590	69.8125	39.4375	17
591	69.9375	39.4375	17
592	70.0625	39.4375	17
593	70.1875	39.4375	17
594	70.3125	39.4375	24
595	70.4375	39.4375	24
596	70.5625	39.4375	24
597	70.6875	39.4375	24
598	70.8125	39.4375	24
599	70.9375	39.4375	24
600	71.0625	39.4375	24
601	71.1875	39.4375	17
602	71.3125	39.4375	17
603	71.4375	39.4375	17
604	71.5625	39.4375	17
605	71.6875	39.4375	17
606	71.8125	39.4375	17
607	71.9375	39.4375	17
608	72.0625	39.4375	17
609	72.1875	39.4375	17
610	72.3125	39.4375	17
611	72.4375	39.4375	17
612	72.5625	39.4375	17
613	72.6875	39.4375	17
614	72.8125	39.4375	17
615	72.9375	39.4375	24
616	73.0625	39.4375	24
617	73.1875	39.4375	24
618	73.3125	39.4375	24
619	73.4375	39.4375	24
620	73.5625	39.4375	24
621	62.3125	39.3125	16
622	62.4375	39.3125	16
623	62.5625	39.3125	16
624	62.6875	39.3125	16
625	62.8125	39.3125	16
626	62.9375	39.3125	16
627	63.0625	39.3125	9
628	63.1875	39.3125	9
629	63.3125	39.3125	9
630	63.4375	39.3125	17
631	63.5625	39.3125	17
632	63.6875	39.3125	17
633	63.8125	39.3125	16
634	63.9375	39.3125	9
635	64.0625	39.3125	16
636	64.1875	39.3125	16
637	64.3125	39.3125	16
638	64.4375	39.3125	16
639	64.5625	39.3125	16
640	64.6875	39.3125	16
641	64.8125	39.3125	16
642	64.9375	39.3125	16
643	65.0625	39.3125	16
644	65.1875	39.3125	16
645	65.3125	39.3125	16
646	65.4375	39.3125	16
647	65.5625	39.3125	16
648	65.6875	39.3125	9
649	65.8125	39.3125	17
650	65.9375	39.3125	17
651	66.0625	39.3125	17
652	66.1875	39.3125	9
653	66.3125	39.3125	17
654	66.4375	39.3125	17
655	66.5625	39.3125	17
656	66.6875	39.3125	17
657	66.8125	39.3125	17
658	66.9375	39.3125	17
659	67.0625	39.3125	17
660	67.1875	39.3125	17
661	67.3125	39.3125	17
662	67.4375	39.3125	17
663	67.5625	39.3125	17
664	67.6875	39.3125	17
665	67.8125	39.3125	17
666	67.9375	39.3125	17
667	68.0625	39.3125	17
668	68.1875	39.3125	17
669	68.3125	39.3125	17
670	68.4375	39.3125	17
671	68.5625	39.3125	17
672	68.6875	39.3125	17
673	68.8125	39.3125	17
674	68.9375	39.3125	17
675	69.0625	39.3125	17
676	69.1875	39.3125	17
677	69.3125	39.3125	17
678	69.4375	39.3125	17
679	69.5625	39.3125	24
680	69.6875	39.3125	17
681	69.8125	39.3125	24
682	69.9375	39.3125	17
683	70.0625	39.3125	17
684	70.1875	39.3125	17
685	70.3125	39.3125	17
686	70.4375	39.3125	17
687	70.5625	39.3125	17
688	70.6875	39.3125	17
689	70.8125	39.3125	17
690	70.9375	39.3125	17
691	71.0625	39.3125	24
692	71.1875	39.3125	17
693	71.3125	39.3125	17
694	71.4375	39.3125	17
695	71.5625	39.3125	17
696	71.6875	39.3125	17
697	71.8125	39.3125	24
698	71.9375	39.3125	24
699	72.0625	39.3125	24
700	72.1875	39.3125	24
701	72.3125	39.3125	24
702	72.4375	39.3125	24
703	72.5625	39.3125	24
704	72.6875	39.3125	24
705	72.8125	39.3125	24
706	72.9375	39.3125	24
707	73.0625	39.3125	24
708	73.1875	39.3125	24
709	73.3125	39.3125	20
710	62.4375	39.1875	16
711	62.5625	39.1875	16
712	62.6875	39.1875	16
713	62.8125	39.1875	20
714	62.9375	39.1875	20
715	63.0625	39.1875	20
716	63.1875	39.1875	9
717	63.3125	39.1875	9
718	63.4375	39.1875	9
719	63.5625	39.1875	9
720	63.6875	39.1875	19
721	63.8125	39.1875	20
722	63.9375	39.1875	19
723	64.0625	39.1875	25
724	64.1875	39.1875	16
725	64.3125	39.1875	16
726	64.4375	39.1875	16
727	64.5625	39.1875	16
728	64.6875	39.1875	16
729	64.8125	39.1875	16
730	64.9375	39.1875	16
731	65.0625	39.1875	16
732	65.1875	39.1875	9
733	65.3125	39.1875	16
734	65.4375	39.1875	9
735	65.5625	39.1875	9
736	65.6875	39.1875	9
737	65.8125	39.1875	17
738	65.9375	39.1875	17
739	66.0625	39.1875	9
740	66.1875	39.1875	9
741	66.3125	39.1875	9
742	66.4375	39.1875	9
743	66.5625	39.1875	9
744	66.6875	39.1875	9
745	66.8125	39.1875	17
746	66.9375	39.1875	17
747	67.0625	39.1875	17
748	67.1875	39.1875	17
749	67.3125	39.1875	17
750	67.4375	39.1875	17
751	67.5625	39.1875	17
752	67.6875	39.1875	17
753	67.8125	39.1875	17
754	67.9375	39.1875	17
755	68.0625	39.1875	17
756	68.1875	39.1875	24
757	68.3125	39.1875	17
758	68.4375	39.1875	17
759	68.5625	39.1875	17
760	68.6875	39.1875	17
761	68.8125	39.1875	17
762	68.9375	39.1875	17
763	69.0625	39.1875	17
764	69.1875	39.1875	17
765	69.3125	39.1875	17
766	69.4375	39.1875	17
767	69.5625	39.1875	17
768	69.6875	39.1875	17
769	69.8125	39.1875	17
770	69.9375	39.1875	17
771	70.0625	39.1875	17
772	70.1875	39.1875	17
773	70.3125	39.1875	17
774	70.4375	39.1875	17
775	70.5625	39.1875	17
776	70.6875	39.1875	17
777	70.8125	39.1875	17
778	70.9375	39.1875	17
779	71.0625	39.1875	17
780	71.1875	39.1875	17
781	71.3125	39.1875	17
782	71.4375	39.1875	17
783	71.5625	39.1875	17
784	71.6875	39.1875	17
785	71.8125	39.1875	24
786	71.9375	39.1875	24
787	72.0625	39.1875	16
788	72.1875	39.1875	24
789	72.3125	39.1875	17
790	72.4375	39.1875	24
791	72.5625	39.1875	24
792	72.6875	39.1875	24
793	72.8125	39.1875	24
794	72.9375	39.1875	24
795	62.5625	39.0625	16
796	62.6875	39.0625	20
797	62.8125	39.0625	20
798	62.9375	39.0625	20
799	63.0625	39.0625	17
800	63.1875	39.0625	17
801	63.3125	39.0625	17
802	63.4375	39.0625	9
803	63.5625	39.0625	9
804	63.6875	39.0625	9
805	63.8125	39.0625	20
806	63.9375	39.0625	20
807	64.0625	39.0625	16
808	64.1875	39.0625	16
809	64.3125	39.0625	16
810	64.4375	39.0625	16
811	64.8125	39.0625	16
812	64.9375	39.0625	16
813	65.0625	39.0625	16
814	65.1875	39.0625	9
815	65.3125	39.0625	9
816	65.4375	39.0625	9
817	65.5625	39.0625	9
818	65.6875	39.0625	9
819	65.8125	39.0625	9
820	65.9375	39.0625	17
821	66.0625	39.0625	20
822	66.1875	39.0625	9
823	66.3125	39.0625	9
824	66.4375	39.0625	9
825	66.5625	39.0625	9
826	66.6875	39.0625	9
827	66.8125	39.0625	17
828	66.9375	39.0625	9
829	67.0625	39.0625	17
830	67.1875	39.0625	17
831	67.3125	39.0625	17
832	67.4375	39.0625	17
833	67.5625	39.0625	17
834	67.6875	39.0625	17
835	67.8125	39.0625	17
836	67.9375	39.0625	24
837	68.0625	39.0625	17
838	68.1875	39.0625	17
839	68.3125	39.0625	17
840	68.4375	39.0625	17
841	68.5625	39.0625	17
842	68.6875	39.0625	17
843	68.8125	39.0625	17
844	68.9375	39.0625	17
845	69.0625	39.0625	17
846	69.1875	39.0625	17
847	69.3125	39.0625	17
848	69.4375	39.0625	17
849	69.5625	39.0625	17
850	69.6875	39.0625	17
851	69.8125	39.0625	17
852	69.9375	39.0625	17
853	70.0625	39.0625	17
854	70.1875	39.0625	17
855	70.3125	39.0625	17
856	70.4375	39.0625	17
857	70.5625	39.0625	17
858	70.6875	39.0625	17
859	70.8125	39.0625	17
860	70.9375	39.0625	17
861	71.0625	39.0625	17
862	71.1875	39.0625	17
863	71.3125	39.0625	17
864	71.4375	39.0625	24
865	71.5625	39.0625	24
866	71.6875	39.0625	24
867	71.8125	39.0625	24
868	71.9375	39.0625	24
869	72.0625	39.0625	24
870	72.1875	39.0625	24
871	72.3125	39.0625	21
872	72.4375	39.0625	24
873	72.5625	39.0625	24
874	72.6875	39.0625	24
875	72.8125	39.0625	24
876	72.9375	39.0625	24
877	62.8125	38.9375	20
878	62.9375	38.9375	17
879	63.0625	38.9375	17
880	63.1875	38.9375	17
881	63.3125	38.9375	17
882	63.4375	38.9375	19
883	63.5625	38.9375	19
884	63.6875	38.9375	9
885	63.8125	38.9375	9
886	63.9375	38.9375	19
887	64.0625	38.9375	19
888	64.1875	38.9375	16
889	64.3125	38.9375	16
890	64.4375	38.9375	16
891	64.5625	38.9375	16
892	64.6875	38.9375	16
893	64.8125	38.9375	16
894	64.9375	38.9375	16
895	65.0625	38.9375	16
896	65.1875	38.9375	9
897	65.3125	38.9375	9
898	65.4375	38.9375	9
899	65.5625	38.9375	9
900	65.6875	38.9375	9
901	65.8125	38.9375	9
902	65.9375	38.9375	9
903	66.0625	38.9375	20
904	66.1875	38.9375	9
905	66.3125	38.9375	9
906	66.4375	38.9375	9
907	66.5625	38.9375	9
908	66.6875	38.9375	9
909	66.8125	38.9375	9
910	66.9375	38.9375	17
911	67.0625	38.9375	17
912	67.1875	38.9375	17
913	67.3125	38.9375	17
914	67.4375	38.9375	17
915	67.5625	38.9375	17
916	67.6875	38.9375	17
917	67.8125	38.9375	17
918	67.9375	38.9375	17
919	68.0625	38.9375	17
920	68.1875	38.9375	24
921	68.3125	38.9375	17
922	68.4375	38.9375	17
923	68.5625	38.9375	24
924	68.6875	38.9375	17
925	68.8125	38.9375	17
926	68.9375	38.9375	17
927	69.0625	38.9375	17
928	69.1875	38.9375	17
929	69.3125	38.9375	17
930	69.4375	38.9375	17
931	69.5625	38.9375	17
932	69.6875	38.9375	17
933	69.8125	38.9375	17
934	69.9375	38.9375	17
935	70.0625	38.9375	17
936	70.1875	38.9375	17
937	70.3125	38.9375	17
938	70.4375	38.9375	17
939	70.5625	38.9375	17
940	70.6875	38.9375	17
941	70.8125	38.9375	17
942	70.9375	38.9375	17
943	71.0625	38.9375	17
944	71.1875	38.9375	17
945	71.3125	38.9375	24
946	71.4375	38.9375	24
947	71.5625	38.9375	24
948	71.6875	38.9375	24
949	71.8125	38.9375	24
950	71.9375	38.9375	24
951	72.0625	38.9375	24
952	72.1875	38.9375	24
953	72.3125	38.9375	24
954	72.4375	38.9375	24
955	72.5625	38.9375	24
956	72.6875	38.9375	20
957	72.8125	38.9375	24
958	72.9375	38.9375	24
959	73.0625	38.9375	24
960	62.6875	38.8125	20
961	62.8125	38.8125	17
962	62.9375	38.8125	17
963	63.0625	38.8125	17
964	63.1875	38.8125	17
965	63.3125	38.8125	17
966	63.4375	38.8125	20
967	63.5625	38.8125	20
968	63.6875	38.8125	19
969	63.8125	38.8125	9
970	63.9375	38.8125	9
971	64.0625	38.8125	20
972	64.1875	38.8125	16
973	64.3125	38.8125	16
974	64.4375	38.8125	16
975	64.5625	38.8125	16
976	64.6875	38.8125	16
977	64.8125	38.8125	16
978	64.9375	38.8125	16
979	65.0625	38.8125	16
980	65.1875	38.8125	9
981	65.3125	38.8125	9
982	65.4375	38.8125	9
983	65.5625	38.8125	9
984	65.6875	38.8125	9
985	65.8125	38.8125	9
986	65.9375	38.8125	9
987	66.0625	38.8125	17
988	66.1875	38.8125	9
989	66.3125	38.8125	9
990	66.4375	38.8125	9
991	66.5625	38.8125	9
992	66.6875	38.8125	9
993	66.8125	38.8125	17
994	66.9375	38.8125	17
995	67.0625	38.8125	17
996	67.1875	38.8125	17
997	67.3125	38.8125	17
998	67.4375	38.8125	17
999	67.5625	38.8125	17
1000	67.6875	38.8125	17
1001	67.8125	38.8125	17
1002	67.9375	38.8125	17
1003	68.0625	38.8125	17
1004	68.1875	38.8125	17
1005	68.3125	38.8125	17
1006	68.4375	38.8125	17
1007	68.5625	38.8125	17
1008	68.6875	38.8125	17
1009	68.8125	38.8125	17
1010	68.9375	38.8125	17
1011	69.0625	38.8125	17
1012	69.1875	38.8125	17
1013	69.3125	38.8125	17
1014	69.4375	38.8125	17
1015	69.5625	38.8125	17
1016	69.6875	38.8125	17
1017	69.8125	38.8125	17
1018	69.9375	38.8125	17
1019	70.0625	38.8125	17
1020	70.1875	38.8125	17
1021	70.3125	38.8125	17
1022	70.4375	38.8125	17
1023	70.5625	38.8125	17
1024	70.6875	38.8125	17
1025	70.8125	38.8125	17
1026	70.9375	38.8125	17
1027	71.0625	38.8125	17
1028	71.1875	38.8125	17
1029	71.3125	38.8125	17
1030	71.4375	38.8125	24
1031	71.5625	38.8125	17
1032	71.6875	38.8125	17
1033	71.8125	38.8125	24
1034	71.9375	38.8125	24
1035	72.0625	38.8125	24
1036	72.1875	38.8125	24
1037	72.3125	38.8125	24
1038	72.4375	38.8125	24
1039	72.5625	38.8125	24
1040	72.6875	38.8125	24
1041	72.8125	38.8125	24
1042	72.9375	38.8125	24
1043	73.0625	38.8125	24
1044	73.1875	38.8125	20
1045	62.6875	38.6875	17
1046	62.8125	38.6875	17
1047	62.9375	38.6875	17
1048	63.0625	38.6875	17
1049	63.1875	38.6875	17
1050	63.3125	38.6875	17
1051	63.4375	38.6875	20
1052	63.5625	38.6875	20
1053	63.6875	38.6875	19
1054	63.8125	38.6875	19
1055	63.9375	38.6875	9
1056	64.0625	38.6875	9
1057	64.1875	38.6875	19
1058	64.3125	38.6875	16
1059	64.4375	38.6875	16
1060	64.5625	38.6875	16
1061	64.6875	38.6875	16
1062	64.8125	38.6875	16
1063	64.9375	38.6875	16
1064	65.0625	38.6875	16
1065	65.1875	38.6875	9
1066	65.3125	38.6875	9
1067	65.4375	38.6875	9
1068	65.5625	38.6875	9
1069	65.6875	38.6875	9
1070	65.8125	38.6875	9
1071	65.9375	38.6875	9
1072	66.0625	38.6875	17
1073	66.1875	38.6875	9
1074	66.3125	38.6875	9
1075	66.4375	38.6875	9
1076	66.5625	38.6875	17
1077	66.6875	38.6875	17
1078	66.8125	38.6875	17
1079	66.9375	38.6875	17
1080	67.0625	38.6875	17
1081	67.1875	38.6875	17
1082	67.3125	38.6875	17
1083	67.4375	38.6875	17
1084	67.5625	38.6875	17
1085	67.6875	38.6875	17
1086	67.8125	38.6875	17
1087	67.9375	38.6875	17
1088	68.0625	38.6875	17
1089	68.1875	38.6875	17
1090	68.3125	38.6875	17
1091	68.4375	38.6875	17
1092	68.5625	38.6875	17
1093	68.6875	38.6875	17
1094	68.8125	38.6875	17
1095	68.9375	38.6875	17
1096	69.0625	38.6875	17
1097	69.1875	38.6875	17
1098	69.3125	38.6875	17
1099	69.4375	38.6875	17
1100	69.5625	38.6875	17
1101	69.6875	38.6875	17
1102	69.8125	38.6875	17
1103	69.9375	38.6875	17
1104	70.0625	38.6875	17
1105	70.1875	38.6875	17
1106	70.3125	38.6875	17
1107	70.4375	38.6875	17
1108	70.5625	38.6875	17
1109	70.6875	38.6875	17
1110	70.8125	38.6875	17
1111	70.9375	38.6875	17
1112	71.0625	38.6875	24
1113	71.1875	38.6875	17
1114	71.3125	38.6875	17
1115	71.4375	38.6875	24
1116	71.5625	38.6875	24
1117	71.6875	38.6875	24
1118	71.8125	38.6875	24
1119	71.9375	38.6875	17
1120	72.0625	38.6875	17
1121	72.1875	38.6875	24
1122	72.3125	38.6875	24
1123	72.4375	38.6875	24
1124	72.5625	38.6875	24
1125	72.6875	38.6875	24
1126	72.8125	38.6875	24
1127	72.9375	38.6875	17
1128	73.0625	38.6875	20
1129	73.1875	38.6875	20
1130	73.3125	38.6875	24
1131	73.4375	38.6875	24
1132	73.5625	38.6875	20
1133	73.6875	38.6875	20
1134	74.0625	38.6875	20
1135	74.1875	38.6875	20
1136	74.3125	38.6875	20
1137	74.4375	38.6875	20
1138	74.5625	38.6875	17
1139	62.6875	38.5625	20
1140	62.8125	38.5625	20
1141	62.9375	38.5625	20
1142	63.0625	38.5625	20
1143	63.1875	38.5625	17
1144	63.3125	38.5625	17
1145	63.4375	38.5625	20
1146	63.5625	38.5625	20
1147	63.6875	38.5625	19
1148	63.8125	38.5625	20
1149	63.9375	38.5625	20
1150	64.0625	38.5625	9
1151	64.1875	38.5625	20
1152	64.3125	38.5625	20
1153	64.4375	38.5625	16
1154	64.5625	38.5625	16
1155	64.6875	38.5625	16
1156	64.8125	38.5625	16
1157	64.9375	38.5625	16
1158	65.0625	38.5625	16
1159	65.1875	38.5625	16
1160	65.3125	38.5625	16
1161	65.4375	38.5625	16
1162	65.5625	38.5625	9
1163	65.6875	38.5625	9
1164	65.8125	38.5625	9
1165	65.9375	38.5625	17
1166	66.0625	38.5625	9
1167	66.1875	38.5625	9
1168	66.3125	38.5625	17
1169	66.4375	38.5625	17
1170	66.5625	38.5625	17
1171	66.6875	38.5625	17
1172	66.8125	38.5625	17
1173	66.9375	38.5625	17
1174	67.0625	38.5625	17
1175	67.1875	38.5625	17
1176	67.3125	38.5625	17
1177	67.4375	38.5625	17
1178	67.5625	38.5625	17
1179	67.6875	38.5625	17
1180	67.8125	38.5625	17
1181	67.9375	38.5625	17
1182	68.0625	38.5625	17
1183	68.1875	38.5625	17
1184	68.3125	38.5625	9
1185	68.4375	38.5625	17
1186	68.5625	38.5625	17
1187	68.6875	38.5625	17
1188	68.8125	38.5625	17
1189	68.9375	38.5625	17
1190	69.0625	38.5625	17
1191	69.1875	38.5625	17
1192	69.3125	38.5625	17
1193	69.4375	38.5625	17
1194	69.5625	38.5625	17
1195	69.6875	38.5625	17
1196	69.8125	38.5625	17
1197	69.9375	38.5625	17
1198	70.0625	38.5625	17
1199	70.1875	38.5625	17
1200	70.3125	38.5625	17
1201	70.4375	38.5625	17
1202	70.5625	38.5625	17
1203	70.6875	38.5625	17
1204	70.8125	38.5625	17
1205	70.9375	38.5625	17
1206	71.0625	38.5625	17
1207	71.1875	38.5625	24
1208	71.3125	38.5625	24
1209	71.4375	38.5625	24
1210	71.5625	38.5625	24
1211	71.6875	38.5625	17
1212	71.8125	38.5625	17
1213	71.9375	38.5625	24
1214	72.0625	38.5625	24
1215	72.1875	38.5625	24
1216	72.3125	38.5625	24
1217	72.4375	38.5625	24
1218	72.5625	38.5625	24
1219	72.6875	38.5625	24
1220	72.8125	38.5625	20
1221	72.9375	38.5625	20
1222	73.0625	38.5625	17
1223	73.1875	38.5625	24
1224	73.3125	38.5625	24
1225	73.4375	38.5625	24
1226	73.5625	38.5625	20
1227	73.6875	38.5625	20
1228	73.8125	38.5625	20
1229	73.9375	38.5625	17
1230	74.0625	38.5625	20
1231	74.1875	38.5625	17
1232	74.3125	38.5625	17
1233	74.4375	38.5625	17
1234	74.5625	38.5625	20
1235	74.6875	38.5625	20
1236	74.8125	38.5625	20
1237	62.9375	38.4375	16
1238	63.0625	38.4375	16
1239	63.1875	38.4375	20
1240	63.3125	38.4375	16
1241	63.4375	38.4375	19
1242	63.5625	38.4375	20
1243	63.6875	38.4375	20
1244	63.8125	38.4375	20
1245	63.9375	38.4375	20
1246	64.0625	38.4375	20
1247	64.1875	38.4375	9
1248	64.3125	38.4375	9
1249	64.4375	38.4375	20
1250	64.5625	38.4375	16
1251	64.6875	38.4375	16
1252	64.8125	38.4375	16
1253	64.9375	38.4375	16
1254	65.0625	38.4375	16
1255	65.1875	38.4375	16
1256	65.3125	38.4375	16
1257	65.4375	38.4375	9
1258	65.5625	38.4375	16
1259	65.6875	38.4375	16
1260	65.8125	38.4375	16
1261	65.9375	38.4375	16
1262	66.0625	38.4375	17
1263	66.1875	38.4375	17
1264	66.3125	38.4375	17
1265	66.4375	38.4375	17
1266	66.5625	38.4375	17
1267	66.6875	38.4375	17
1268	66.8125	38.4375	17
1269	66.9375	38.4375	17
1270	67.0625	38.4375	17
1271	67.1875	38.4375	17
1272	67.3125	38.4375	17
1273	67.4375	38.4375	17
1274	67.5625	38.4375	17
1275	67.6875	38.4375	17
1276	67.8125	38.4375	17
1277	67.9375	38.4375	9
1278	68.0625	38.4375	9
1279	68.1875	38.4375	9
1280	68.3125	38.4375	17
1281	68.4375	38.4375	17
1282	68.5625	38.4375	17
1283	68.6875	38.4375	17
1284	68.8125	38.4375	17
1285	68.9375	38.4375	17
1286	69.0625	38.4375	17
1287	69.1875	38.4375	17
1288	69.3125	38.4375	17
1289	69.4375	38.4375	17
1290	69.5625	38.4375	17
1291	69.6875	38.4375	17
1292	69.8125	38.4375	17
1293	69.9375	38.4375	17
1294	70.0625	38.4375	17
1295	70.1875	38.4375	17
1296	70.3125	38.4375	17
1297	70.4375	38.4375	17
1298	70.5625	38.4375	17
1299	70.6875	38.4375	17
1300	70.8125	38.4375	17
1301	70.9375	38.4375	17
1302	71.0625	38.4375	17
1303	71.1875	38.4375	17
1304	71.3125	38.4375	24
1305	71.4375	38.4375	24
1306	71.5625	38.4375	17
1307	71.6875	38.4375	17
1308	71.8125	38.4375	24
1309	71.9375	38.4375	24
1310	72.0625	38.4375	24
1311	72.1875	38.4375	24
1312	72.3125	38.4375	24
1313	72.4375	38.4375	24
1314	72.5625	38.4375	24
1315	72.6875	38.4375	21
1316	72.8125	38.4375	24
1317	72.9375	38.4375	20
1318	73.0625	38.4375	17
1319	73.1875	38.4375	24
1320	73.3125	38.4375	24
1321	73.4375	38.4375	24
1322	73.5625	38.4375	24
1323	73.6875	38.4375	20
1324	73.8125	38.4375	20
1325	73.9375	38.4375	17
1326	74.0625	38.4375	17
1327	74.1875	38.4375	17
1328	74.3125	38.4375	17
1329	74.4375	38.4375	17
1330	74.5625	38.4375	17
1331	74.6875	38.4375	20
1332	74.8125	38.4375	20
1333	63.0625	38.3125	16
1334	63.1875	38.3125	16
1335	63.3125	38.3125	16
1336	63.4375	38.3125	19
1337	63.5625	38.3125	20
1338	63.6875	38.3125	20
1339	63.8125	38.3125	20
1340	63.9375	38.3125	20
1341	64.0625	38.3125	20
1342	64.1875	38.3125	20
1343	64.3125	38.3125	16
1344	64.4375	38.3125	16
1345	64.5625	38.3125	16
1346	64.6875	38.3125	16
1347	64.8125	38.3125	16
1348	64.9375	38.3125	16
1349	65.0625	38.3125	16
1350	65.1875	38.3125	16
1351	65.3125	38.3125	16
1352	65.4375	38.3125	16
1353	65.5625	38.3125	16
1354	65.6875	38.3125	16
1355	65.8125	38.3125	16
1356	65.9375	38.3125	17
1357	66.0625	38.3125	17
1358	66.1875	38.3125	17
1359	66.3125	38.3125	9
1360	66.4375	38.3125	9
1361	66.5625	38.3125	17
1362	66.6875	38.3125	17
1363	66.8125	38.3125	17
1364	66.9375	38.3125	17
1365	67.0625	38.3125	17
1366	67.1875	38.3125	17
1367	67.3125	38.3125	17
1368	67.4375	38.3125	17
1369	67.5625	38.3125	17
1370	67.6875	38.3125	17
1371	67.8125	38.3125	9
1372	67.9375	38.3125	9
1373	68.0625	38.3125	9
1374	68.1875	38.3125	17
1375	68.3125	38.3125	17
1376	68.4375	38.3125	17
1377	68.5625	38.3125	17
1378	68.6875	38.3125	17
1379	68.8125	38.3125	17
1380	68.9375	38.3125	17
1381	69.0625	38.3125	17
1382	69.1875	38.3125	17
1383	69.3125	38.3125	17
1384	69.4375	38.3125	17
1385	69.5625	38.3125	17
1386	69.6875	38.3125	17
1387	69.8125	38.3125	17
1388	69.9375	38.3125	17
1389	70.0625	38.3125	17
1390	70.1875	38.3125	17
1391	70.3125	38.3125	17
1392	70.4375	38.3125	17
1393	70.5625	38.3125	17
1394	70.6875	38.3125	17
1395	70.8125	38.3125	17
1396	70.9375	38.3125	17
1397	71.0625	38.3125	17
1398	71.1875	38.3125	17
1399	71.3125	38.3125	17
1400	71.4375	38.3125	17
1401	71.5625	38.3125	17
1402	71.6875	38.3125	17
1403	71.8125	38.3125	24
1404	71.9375	38.3125	24
1405	72.0625	38.3125	24
1406	72.1875	38.3125	24
1407	72.3125	38.3125	24
1408	72.4375	38.3125	19
1409	72.5625	38.3125	16
1410	72.6875	38.3125	24
1411	72.8125	38.3125	24
1412	72.9375	38.3125	24
1413	73.0625	38.3125	17
1414	73.1875	38.3125	24
1415	73.3125	38.3125	24
1416	73.4375	38.3125	24
1417	73.5625	38.3125	20
1418	73.6875	38.3125	24
1419	73.8125	38.3125	24
1420	73.9375	38.3125	20
1421	74.0625	38.3125	17
1422	74.1875	38.3125	17
1423	74.3125	38.3125	17
1424	74.4375	38.3125	20
1425	74.5625	38.3125	20
1426	74.6875	38.3125	17
1427	74.8125	38.3125	20
1428	63.1875	38.1875	16
1429	63.3125	38.1875	16
1430	63.4375	38.1875	16
1431	63.5625	38.1875	16
1432	63.6875	38.1875	16
1433	63.8125	38.1875	16
1434	63.9375	38.1875	16
1435	64.0625	38.1875	16
1436	64.1875	38.1875	16
1437	64.3125	38.1875	16
1438	64.4375	38.1875	20
1439	64.5625	38.1875	20
1440	64.6875	38.1875	9
1441	64.8125	38.1875	16
1442	64.9375	38.1875	16
1443	65.0625	38.1875	16
1444	65.1875	38.1875	16
1445	65.3125	38.1875	16
1446	65.4375	38.1875	16
1447	65.5625	38.1875	16
1448	65.6875	38.1875	16
1449	65.8125	38.1875	17
1450	65.9375	38.1875	17
1451	66.0625	38.1875	17
1452	66.1875	38.1875	17
1453	66.3125	38.1875	17
1454	66.4375	38.1875	17
1455	66.5625	38.1875	17
1456	66.6875	38.1875	17
1457	66.8125	38.1875	17
1458	66.9375	38.1875	17
1459	67.0625	38.1875	17
1460	67.1875	38.1875	17
1461	67.3125	38.1875	17
1462	67.4375	38.1875	17
1463	67.5625	38.1875	16
1464	67.6875	38.1875	9
1465	67.8125	38.1875	9
1466	67.9375	38.1875	9
1467	68.0625	38.1875	17
1468	68.1875	38.1875	17
1469	68.3125	38.1875	17
1470	68.4375	38.1875	17
1471	68.5625	38.1875	17
1472	68.6875	38.1875	17
1473	68.8125	38.1875	9
1474	68.9375	38.1875	9
1475	69.0625	38.1875	17
1476	69.1875	38.1875	17
1477	69.3125	38.1875	17
1478	69.4375	38.1875	17
1479	69.5625	38.1875	17
1480	69.6875	38.1875	17
1481	69.8125	38.1875	17
1482	69.9375	38.1875	17
1483	70.0625	38.1875	17
1484	70.1875	38.1875	17
1485	70.3125	38.1875	17
1486	70.4375	38.1875	17
1487	70.5625	38.1875	17
1488	70.6875	38.1875	17
1489	70.8125	38.1875	17
1490	70.9375	38.1875	17
1491	71.0625	38.1875	17
1492	71.1875	38.1875	17
1493	71.3125	38.1875	17
1494	71.4375	38.1875	17
1495	71.5625	38.1875	17
1496	71.6875	38.1875	24
1497	71.8125	38.1875	24
1498	71.9375	38.1875	17
1499	72.0625	38.1875	24
1500	72.1875	38.1875	16
1501	72.3125	38.1875	24
1502	72.4375	38.1875	24
1503	72.5625	38.1875	24
1504	72.6875	38.1875	24
1505	72.8125	38.1875	16
1506	72.9375	38.1875	24
1507	73.0625	38.1875	24
1508	73.1875	38.1875	24
1509	73.3125	38.1875	16
1510	73.4375	38.1875	16
1511	73.5625	38.1875	17
1512	73.6875	38.1875	17
1513	73.8125	38.1875	17
1514	73.9375	38.1875	17
1515	74.0625	38.1875	17
1516	74.1875	38.1875	17
1517	74.3125	38.1875	17
1518	74.4375	38.1875	17
1519	74.5625	38.1875	20
1520	74.6875	38.1875	20
1521	74.8125	38.1875	20
1522	63.1875	38.0625	16
1523	63.3125	38.0625	16
1524	63.4375	38.0625	16
1525	63.5625	38.0625	16
1526	63.6875	38.0625	16
1527	63.8125	38.0625	16
1528	63.9375	38.0625	16
1529	64.0625	38.0625	16
1530	64.1875	38.0625	16
1531	64.3125	38.0625	16
1532	64.4375	38.0625	16
1533	64.5625	38.0625	16
1534	64.6875	38.0625	16
1535	64.8125	38.0625	9
1536	64.9375	38.0625	9
1537	65.0625	38.0625	9
1538	65.1875	38.0625	16
1539	65.3125	38.0625	16
1540	65.4375	38.0625	16
1541	65.5625	38.0625	9
1542	65.6875	38.0625	16
1543	65.8125	38.0625	16
1544	65.9375	38.0625	17
1545	66.0625	38.0625	17
1546	66.1875	38.0625	17
1547	66.3125	38.0625	17
1548	66.4375	38.0625	17
1549	66.5625	38.0625	17
1550	66.6875	38.0625	17
1551	66.8125	38.0625	17
1552	66.9375	38.0625	17
1553	67.0625	38.0625	16
1554	67.1875	38.0625	16
1555	67.3125	38.0625	16
1556	67.4375	38.0625	16
1557	67.5625	38.0625	16
1558	67.6875	38.0625	9
1559	67.8125	38.0625	9
1560	67.9375	38.0625	17
1561	68.0625	38.0625	17
1562	68.1875	38.0625	17
1563	68.3125	38.0625	17
1564	68.4375	38.0625	17
1565	68.5625	38.0625	17
1566	68.6875	38.0625	9
1567	68.8125	38.0625	9
1568	68.9375	38.0625	9
1569	69.0625	38.0625	17
1570	69.1875	38.0625	17
1571	69.3125	38.0625	9
1572	69.4375	38.0625	17
1573	69.5625	38.0625	17
1574	69.6875	38.0625	17
1575	69.8125	38.0625	17
1576	69.9375	38.0625	17
1577	70.0625	38.0625	17
1578	70.1875	38.0625	17
1579	70.3125	38.0625	17
1580	70.4375	38.0625	17
1581	70.5625	38.0625	17
1582	70.6875	38.0625	17
1583	70.8125	38.0625	17
1584	70.9375	38.0625	17
1585	71.0625	38.0625	17
1586	71.1875	38.0625	17
1587	71.3125	38.0625	17
1588	71.4375	38.0625	24
1589	71.5625	38.0625	24
1590	71.6875	38.0625	24
1591	71.8125	38.0625	17
1592	71.9375	38.0625	24
1593	72.0625	38.0625	24
1594	72.1875	38.0625	24
1595	72.3125	38.0625	24
1596	72.4375	38.0625	24
1597	72.5625	38.0625	24
1598	72.6875	38.0625	24
1599	72.8125	38.0625	24
1600	72.9375	38.0625	24
1601	73.0625	38.0625	24
1602	73.1875	38.0625	24
1603	73.3125	38.0625	24
1604	73.4375	38.0625	24
1605	73.5625	38.0625	20
1606	73.6875	38.0625	16
1607	73.8125	38.0625	17
1608	73.9375	38.0625	17
1609	74.0625	38.0625	17
1610	74.1875	38.0625	17
1611	74.3125	38.0625	17
1612	74.4375	38.0625	17
1613	74.5625	38.0625	17
1614	74.6875	38.0625	20
1615	74.8125	38.0625	20
1616	74.9375	38.0625	20
1617	63.5625	37.9375	16
1618	63.6875	37.9375	16
1619	63.8125	37.9375	16
1620	63.9375	37.9375	16
1621	64.0625	37.9375	16
1622	64.1875	37.9375	16
1623	64.3125	37.9375	16
1624	64.4375	37.9375	16
1625	64.5625	37.9375	16
1626	64.6875	37.9375	16
1627	64.8125	37.9375	16
1628	64.9375	37.9375	16
1629	65.0625	37.9375	16
1630	65.1875	37.9375	9
1631	65.3125	37.9375	16
1632	65.4375	37.9375	16
1633	65.5625	37.9375	9
1634	65.6875	37.9375	16
1635	65.8125	37.9375	16
1636	65.9375	37.9375	16
1637	66.0625	37.9375	16
1638	66.1875	37.9375	17
1639	66.3125	37.9375	17
1640	66.4375	37.9375	17
1641	66.5625	37.9375	17
1642	66.6875	37.9375	17
1643	66.8125	37.9375	17
1644	66.9375	37.9375	16
1645	67.0625	37.9375	16
1646	67.1875	37.9375	16
1647	67.3125	37.9375	16
1648	67.4375	37.9375	16
1649	67.5625	37.9375	16
1650	67.6875	37.9375	9
1651	67.8125	37.9375	16
1652	67.9375	37.9375	16
1653	68.0625	37.9375	17
1654	68.1875	37.9375	17
1655	68.3125	37.9375	16
1656	68.4375	37.9375	17
1657	68.5625	37.9375	17
1658	68.6875	37.9375	9
1659	68.8125	37.9375	9
1660	68.9375	37.9375	17
1661	69.0625	37.9375	17
1662	69.1875	37.9375	17
1663	69.3125	37.9375	9
1664	69.4375	37.9375	17
1665	69.5625	37.9375	9
1666	69.6875	37.9375	17
1667	69.8125	37.9375	9
1668	69.9375	37.9375	17
1669	70.0625	37.9375	17
1670	70.1875	37.9375	17
1671	70.3125	37.9375	17
1672	70.4375	37.9375	17
1673	70.5625	37.9375	17
1674	70.6875	37.9375	17
1675	70.8125	37.9375	17
1676	70.9375	37.9375	17
1677	71.0625	37.9375	17
1678	71.1875	37.9375	17
1679	71.3125	37.9375	17
1680	71.4375	37.9375	17
1681	71.5625	37.9375	17
1682	71.6875	37.9375	17
1683	71.8125	37.9375	17
1684	71.9375	37.9375	24
1685	72.0625	37.9375	24
1686	72.1875	37.9375	24
1687	72.3125	37.9375	24
1688	72.4375	37.9375	24
1689	72.5625	37.9375	24
1690	72.6875	37.9375	24
1691	72.8125	37.9375	24
1692	72.9375	37.9375	17
1693	73.0625	37.9375	24
1694	73.1875	37.9375	24
1695	73.3125	37.9375	24
1696	73.4375	37.9375	24
1697	73.5625	37.9375	17
1698	73.6875	37.9375	17
1699	73.8125	37.9375	20
1700	73.9375	37.9375	20
1701	74.0625	37.9375	17
1702	74.1875	37.9375	17
1703	74.3125	37.9375	17
1704	74.4375	37.9375	17
1705	74.5625	37.9375	17
1706	74.6875	37.9375	17
1707	74.8125	37.9375	17
1708	74.9375	37.9375	20
1709	63.6875	37.8125	16
1710	63.8125	37.8125	16
1711	63.9375	37.8125	16
1712	64.0625	37.8125	16
1713	64.1875	37.8125	16
1714	64.3125	37.8125	16
1715	64.4375	37.8125	16
1716	64.5625	37.8125	16
1717	64.6875	37.8125	16
1718	64.8125	37.8125	16
1719	64.9375	37.8125	16
1720	65.0625	37.8125	16
1721	65.1875	37.8125	16
1722	65.3125	37.8125	16
1723	65.4375	37.8125	16
1724	65.5625	37.8125	9
1725	65.6875	37.8125	16
1726	65.8125	37.8125	16
1727	65.9375	37.8125	16
1728	66.0625	37.8125	16
1729	66.1875	37.8125	16
1730	66.3125	37.8125	16
1731	66.4375	37.8125	17
1732	66.5625	37.8125	17
1733	66.6875	37.8125	17
1734	66.8125	37.8125	16
1735	66.9375	37.8125	16
1736	67.0625	37.8125	16
1737	67.1875	37.8125	16
1738	67.3125	37.8125	9
1739	67.4375	37.8125	9
1740	67.5625	37.8125	16
1741	67.6875	37.8125	16
1742	67.8125	37.8125	17
1743	67.9375	37.8125	17
1744	68.0625	37.8125	17
1745	68.1875	37.8125	16
1746	68.3125	37.8125	17
1747	68.4375	37.8125	17
1748	68.5625	37.8125	17
1749	68.6875	37.8125	9
1750	68.8125	37.8125	9
1751	68.9375	37.8125	17
1752	69.0625	37.8125	9
1753	69.1875	37.8125	17
1754	69.3125	37.8125	17
1755	69.4375	37.8125	17
1756	69.5625	37.8125	9
1757	69.6875	37.8125	9
1758	69.8125	37.8125	17
1759	69.9375	37.8125	17
1760	70.0625	37.8125	17
1761	70.1875	37.8125	17
1762	70.3125	37.8125	17
1763	70.4375	37.8125	17
1764	70.5625	37.8125	17
1765	70.6875	37.8125	17
1766	70.8125	37.8125	17
1767	70.9375	37.8125	17
1768	71.0625	37.8125	17
1769	71.1875	37.8125	17
1770	71.3125	37.8125	17
1771	71.4375	37.8125	17
1772	71.5625	37.8125	17
1773	71.6875	37.8125	17
1774	71.8125	37.8125	24
1775	71.9375	37.8125	24
1776	72.0625	37.8125	24
1777	72.1875	37.8125	24
1778	72.3125	37.8125	24
1779	72.4375	37.8125	24
1780	72.5625	37.8125	24
1781	72.6875	37.8125	24
1782	72.8125	37.8125	17
1783	72.9375	37.8125	17
1784	73.0625	37.8125	17
1785	73.1875	37.8125	17
1786	73.3125	37.8125	17
1787	73.4375	37.8125	17
1788	73.5625	37.8125	17
1789	73.6875	37.8125	17
1790	73.8125	37.8125	17
1791	73.9375	37.8125	20
1792	74.0625	37.8125	20
1793	74.1875	37.8125	20
1794	74.3125	37.8125	20
1795	74.4375	37.8125	17
1796	74.5625	37.8125	17
1797	74.6875	37.8125	17
1798	74.8125	37.8125	20
1799	74.9375	37.8125	20
1800	75.0625	37.8125	20
1801	63.8125	37.6875	16
1802	63.9375	37.6875	16
1803	64.0625	37.6875	16
1804	64.1875	37.6875	16
1805	64.3125	37.6875	16
1806	64.4375	37.6875	16
1807	64.5625	37.6875	16
1808	64.6875	37.6875	16
1809	64.8125	37.6875	16
1810	64.9375	37.6875	16
1811	65.0625	37.6875	16
1812	65.1875	37.6875	16
1813	65.3125	37.6875	16
1814	65.4375	37.6875	9
1815	65.5625	37.6875	9
1816	65.6875	37.6875	16
1817	65.8125	37.6875	16
1818	65.9375	37.6875	16
1819	66.0625	37.6875	16
1820	66.1875	37.6875	16
1821	66.3125	37.6875	16
1822	66.4375	37.6875	16
1823	66.5625	37.6875	17
1824	66.6875	37.6875	16
1825	66.8125	37.6875	16
1826	66.9375	37.6875	16
1827	67.0625	37.6875	9
1828	67.1875	37.6875	9
1829	67.3125	37.6875	9
1830	67.4375	37.6875	16
1831	67.5625	37.6875	9
1832	67.6875	37.6875	16
1833	67.8125	37.6875	17
1834	67.9375	37.6875	17
1835	68.0625	37.6875	16
1836	68.1875	37.6875	16
1837	68.3125	37.6875	16
1838	68.4375	37.6875	16
1839	68.5625	37.6875	16
1840	68.6875	37.6875	9
1841	68.8125	37.6875	9
1842	68.9375	37.6875	17
1843	69.0625	37.6875	17
1844	69.1875	37.6875	16
1845	69.3125	37.6875	16
1846	69.4375	37.6875	17
1847	69.5625	37.6875	17
1848	69.6875	37.6875	17
1849	69.8125	37.6875	17
1850	69.9375	37.6875	17
1851	70.0625	37.6875	17
1852	70.1875	37.6875	17
1853	70.3125	37.6875	17
1854	70.4375	37.6875	17
1855	70.5625	37.6875	17
1856	70.6875	37.6875	17
1857	70.8125	37.6875	17
1858	70.9375	37.6875	17
1859	71.0625	37.6875	17
1860	71.1875	37.6875	17
1861	71.3125	37.6875	17
1862	71.4375	37.6875	17
1863	71.5625	37.6875	17
1864	71.6875	37.6875	24
1865	71.8125	37.6875	17
1866	71.9375	37.6875	17
1867	72.0625	37.6875	24
1868	72.1875	37.6875	17
1869	72.3125	37.6875	17
1870	72.4375	37.6875	17
1871	72.5625	37.6875	24
1872	72.6875	37.6875	24
1873	72.8125	37.6875	20
1874	72.9375	37.6875	17
1875	73.0625	37.6875	17
1876	73.1875	37.6875	20
1877	73.3125	37.6875	17
1878	73.4375	37.6875	20
1879	73.5625	37.6875	20
1880	73.6875	37.6875	20
1881	73.8125	37.6875	20
1882	73.9375	37.6875	20
1883	74.0625	37.6875	20
1884	74.1875	37.6875	20
1885	74.3125	37.6875	20
1886	74.4375	37.6875	20
1887	74.5625	37.6875	20
1888	74.6875	37.6875	20
1889	74.8125	37.6875	20
1890	74.9375	37.6875	20
1891	64.0625	37.5625	16
1892	64.1875	37.5625	16
1893	64.3125	37.5625	16
1894	64.4375	37.5625	16
1895	64.5625	37.5625	16
1896	64.6875	37.5625	16
1897	64.8125	37.5625	16
1898	64.9375	37.5625	16
1899	65.0625	37.5625	16
1900	65.1875	37.5625	16
1901	65.3125	37.5625	16
1902	65.4375	37.5625	16
1903	65.5625	37.5625	16
1904	65.6875	37.5625	17
1905	65.8125	37.5625	9
1906	65.9375	37.5625	16
1907	66.0625	37.5625	9
1908	66.1875	37.5625	16
1909	66.3125	37.5625	21
1910	66.4375	37.5625	16
1911	66.5625	37.5625	16
1912	66.6875	37.5625	16
1913	66.8125	37.5625	16
1914	66.9375	37.5625	9
1915	67.0625	37.5625	9
1916	67.1875	37.5625	9
1917	67.3125	37.5625	16
1918	67.4375	37.5625	9
1919	67.5625	37.5625	16
1920	67.6875	37.5625	16
1921	67.8125	37.5625	16
1922	67.9375	37.5625	16
1923	68.0625	37.5625	16
1924	68.1875	37.5625	16
1925	68.3125	37.5625	16
1926	68.4375	37.5625	9
1927	68.5625	37.5625	9
1928	68.6875	37.5625	16
1929	68.8125	37.5625	9
1930	68.9375	37.5625	17
1931	69.0625	37.5625	17
1932	69.1875	37.5625	17
1933	69.3125	37.5625	17
1934	69.4375	37.5625	9
1935	69.5625	37.5625	17
1936	69.6875	37.5625	17
1937	69.8125	37.5625	17
1938	69.9375	37.5625	17
1939	70.0625	37.5625	17
1940	70.1875	37.5625	17
1941	70.3125	37.5625	17
1942	70.4375	37.5625	17
1943	70.5625	37.5625	17
1944	70.6875	37.5625	17
1945	70.8125	37.5625	17
1946	70.9375	37.5625	17
1947	71.0625	37.5625	17
1948	71.1875	37.5625	17
1949	71.3125	37.5625	17
1950	71.4375	37.5625	17
1951	71.5625	37.5625	17
1952	71.6875	37.5625	17
1953	71.8125	37.5625	17
1954	71.9375	37.5625	24
1955	72.0625	37.5625	24
1956	72.1875	37.5625	24
1957	72.3125	37.5625	24
1958	72.4375	37.5625	24
1959	72.5625	37.5625	24
1960	72.6875	37.5625	24
1961	72.8125	37.5625	24
1962	72.9375	37.5625	17
1963	73.0625	37.5625	20
1964	73.1875	37.5625	20
1965	73.3125	37.5625	17
1966	73.4375	37.5625	24
1967	73.5625	37.5625	24
1968	73.6875	37.5625	20
1969	73.8125	37.5625	20
1970	73.9375	37.5625	20
1971	74.0625	37.5625	20
1972	74.1875	37.5625	17
1973	74.3125	37.5625	20
1974	74.4375	37.5625	20
1975	74.5625	37.5625	20
1976	74.6875	37.5625	20
1977	74.8125	37.5625	20
1978	74.9375	37.5625	20
1979	75.0625	37.5625	24
1980	64.0625	37.4375	16
1981	64.1875	37.4375	16
1982	64.3125	37.4375	16
1983	64.4375	37.4375	16
1984	64.5625	37.4375	16
1985	64.6875	37.4375	16
1986	64.8125	37.4375	16
1987	64.9375	37.4375	16
1988	65.0625	37.4375	16
1989	65.1875	37.4375	25
1990	65.3125	37.4375	25
1991	65.4375	37.4375	16
1992	65.5625	37.4375	16
1993	65.6875	37.4375	16
1994	65.8125	37.4375	20
1995	65.9375	37.4375	18
1996	66.0625	37.4375	9
1997	66.1875	37.4375	9
1998	66.3125	37.4375	16
1999	66.4375	37.4375	16
2000	66.5625	37.4375	16
2001	66.6875	37.4375	16
2002	66.8125	37.4375	9
2003	66.9375	37.4375	9
2004	67.0625	37.4375	9
2005	67.1875	37.4375	9
2006	67.3125	37.4375	16
2007	67.4375	37.4375	9
2008	67.5625	37.4375	16
2009	67.6875	37.4375	16
2010	67.8125	37.4375	16
2011	67.9375	37.4375	16
2012	68.0625	37.4375	16
2013	68.1875	37.4375	9
2014	68.3125	37.4375	16
2015	68.4375	37.4375	16
2016	68.5625	37.4375	9
2017	68.6875	37.4375	9
2018	68.8125	37.4375	16
2019	68.9375	37.4375	16
2020	69.0625	37.4375	17
2021	69.1875	37.4375	17
2022	69.3125	37.4375	17
2023	69.4375	37.4375	9
2024	69.5625	37.4375	7
2025	69.6875	37.4375	17
2026	69.8125	37.4375	17
2027	69.9375	37.4375	17
2028	70.0625	37.4375	17
2029	70.1875	37.4375	17
2030	70.3125	37.4375	17
2031	70.4375	37.4375	17
2032	70.5625	37.4375	17
2033	70.6875	37.4375	17
2034	70.8125	37.4375	17
2035	70.9375	37.4375	17
2036	71.0625	37.4375	17
2037	71.1875	37.4375	17
2038	71.3125	37.4375	17
2039	71.4375	37.4375	17
2040	71.5625	37.4375	17
2041	71.6875	37.4375	17
2042	71.8125	37.4375	24
2043	71.9375	37.4375	24
2044	72.0625	37.4375	24
2045	72.1875	37.4375	24
2046	72.3125	37.4375	17
2047	72.4375	37.4375	17
2048	72.5625	37.4375	17
2049	72.6875	37.4375	17
2050	72.8125	37.4375	24
2051	72.9375	37.4375	17
2052	73.0625	37.4375	20
2053	73.1875	37.4375	17
2054	73.3125	37.4375	17
2055	73.4375	37.4375	17
2056	73.5625	37.4375	17
2057	73.6875	37.4375	17
2058	73.8125	37.4375	17
2059	73.9375	37.4375	17
2060	74.0625	37.4375	17
2061	74.1875	37.4375	17
2062	74.3125	37.4375	20
2063	74.4375	37.4375	20
2064	74.5625	37.4375	20
2065	74.6875	37.4375	20
2066	74.8125	37.4375	20
2067	74.9375	37.4375	17
2068	75.0625	37.4375	20
2069	75.1875	37.4375	24
2070	64.1875	37.3125	16
2071	64.3125	37.3125	16
2072	64.4375	37.3125	16
2073	64.5625	37.3125	16
2074	64.6875	37.3125	16
2075	64.8125	37.3125	16
2076	64.9375	37.3125	16
2077	65.0625	37.3125	16
2078	65.1875	37.3125	16
2079	65.3125	37.3125	16
2080	65.4375	37.3125	16
2081	65.5625	37.3125	16
2082	65.6875	37.3125	16
2083	65.8125	37.3125	20
2084	65.9375	37.3125	20
2085	66.0625	37.3125	20
2086	66.1875	37.3125	18
2087	66.3125	37.3125	20
2088	66.4375	37.3125	16
2089	66.5625	37.3125	16
2090	66.6875	37.3125	9
2091	66.8125	37.3125	16
2092	66.9375	37.3125	20
2093	67.0625	37.3125	18
2094	67.1875	37.3125	9
2095	67.3125	37.3125	9
2096	67.4375	37.3125	16
2097	67.5625	37.3125	16
2098	67.6875	37.3125	16
2099	67.8125	37.3125	16
2100	67.9375	37.3125	16
2101	68.0625	37.3125	9
2102	68.1875	37.3125	9
2103	68.3125	37.3125	16
2104	68.4375	37.3125	16
2105	68.5625	37.3125	16
2106	68.6875	37.3125	9
2107	68.8125	37.3125	16
2108	68.9375	37.3125	9
2109	69.0625	37.3125	9
2110	69.1875	37.3125	17
2111	69.3125	37.3125	17
2112	69.4375	37.3125	17
2113	69.5625	37.3125	17
2114	69.6875	37.3125	17
2115	69.8125	37.3125	17
2116	69.9375	37.3125	17
2117	70.0625	37.3125	17
2118	70.1875	37.3125	17
2119	70.3125	37.3125	17
2120	70.4375	37.3125	17
2121	70.5625	37.3125	17
2122	70.6875	37.3125	17
2123	70.8125	37.3125	17
2124	70.9375	37.3125	17
2125	71.0625	37.3125	17
2126	71.1875	37.3125	17
2127	71.3125	37.3125	17
2128	71.4375	37.3125	17
2129	71.5625	37.3125	17
2130	71.6875	37.3125	17
2131	71.8125	37.3125	17
2132	71.9375	37.3125	24
2133	72.0625	37.3125	17
2134	72.1875	37.3125	24
2135	72.3125	37.3125	17
2136	72.4375	37.3125	17
2137	72.5625	37.3125	17
2138	72.6875	37.3125	24
2139	72.8125	37.3125	24
2140	72.9375	37.3125	17
2141	73.0625	37.3125	17
2142	73.1875	37.3125	20
2143	73.3125	37.3125	20
2144	73.4375	37.3125	24
2145	73.5625	37.3125	24
2146	73.6875	37.3125	24
2147	73.8125	37.3125	24
2148	73.9375	37.3125	24
2149	74.0625	37.3125	24
2150	74.1875	37.3125	24
2151	74.3125	37.3125	20
2152	74.4375	37.3125	20
2153	74.5625	37.3125	20
2154	74.6875	37.3125	17
2155	74.8125	37.3125	17
2156	74.9375	37.3125	24
2157	75.0625	37.3125	24
2158	75.1875	37.3125	24
2159	64.3125	37.1875	16
2160	64.4375	37.1875	16
2161	64.5625	37.1875	16
2162	64.6875	37.1875	16
2163	64.8125	37.1875	16
2164	64.9375	37.1875	16
2165	65.0625	37.1875	16
2166	65.1875	37.1875	16
2167	65.3125	37.1875	16
2168	65.4375	37.1875	16
2169	65.5625	37.1875	16
2170	65.6875	37.1875	20
2171	65.8125	37.1875	20
2172	65.9375	37.1875	20
2173	66.0625	37.1875	20
2174	66.1875	37.1875	20
2175	66.3125	37.1875	20
2176	66.4375	37.1875	20
2177	66.5625	37.1875	20
2178	66.6875	37.1875	20
2179	66.8125	37.1875	20
2180	66.9375	37.1875	20
2181	67.0625	37.1875	20
2182	67.1875	37.1875	17
2183	67.3125	37.1875	9
2184	67.4375	37.1875	9
2185	67.5625	37.1875	20
2186	67.6875	37.1875	16
2187	67.8125	37.1875	16
2188	67.9375	37.1875	16
2189	68.0625	37.1875	9
2190	68.1875	37.1875	9
2191	68.3125	37.1875	16
2192	68.4375	37.1875	16
2193	68.5625	37.1875	16
2194	68.6875	37.1875	16
2195	68.8125	37.1875	7
2196	68.9375	37.1875	7
2197	69.0625	37.1875	9
2198	69.1875	37.1875	9
2199	69.3125	37.1875	17
2200	69.4375	37.1875	17
2201	69.5625	37.1875	17
2202	69.6875	37.1875	17
2203	69.8125	37.1875	17
2204	69.9375	37.1875	17
2205	70.0625	37.1875	17
2206	70.1875	37.1875	17
2207	70.3125	37.1875	17
2208	70.4375	37.1875	17
2209	70.5625	37.1875	17
2210	70.6875	37.1875	17
2211	70.8125	37.1875	17
2212	70.9375	37.1875	17
2213	71.0625	37.1875	17
2214	71.1875	37.1875	17
2215	71.3125	37.1875	17
2216	71.4375	37.1875	17
2217	71.5625	37.1875	17
2218	71.6875	37.1875	24
2219	71.8125	37.1875	17
2220	71.9375	37.1875	17
2221	72.0625	37.1875	17
2222	72.1875	37.1875	17
2223	72.3125	37.1875	24
2224	72.4375	37.1875	24
2225	72.5625	37.1875	24
2226	72.6875	37.1875	24
2227	72.8125	37.1875	17
2228	72.9375	37.1875	20
2229	73.0625	37.1875	20
2230	73.1875	37.1875	24
2231	73.3125	37.1875	24
2232	73.4375	37.1875	24
2233	73.5625	37.1875	20
2234	73.6875	37.1875	24
2235	73.8125	37.1875	24
2236	73.9375	37.1875	20
2237	74.0625	37.1875	20
2238	74.1875	37.1875	20
2239	74.3125	37.1875	24
2240	74.4375	37.1875	24
2241	74.5625	37.1875	20
2242	74.6875	37.1875	20
2243	74.8125	37.1875	20
2244	74.9375	37.1875	24
2245	64.4375	37.0625	16
2246	64.5625	37.0625	16
2247	64.6875	37.0625	16
2248	64.8125	37.0625	16
2249	64.9375	37.0625	20
2250	65.0625	37.0625	20
2251	65.1875	37.0625	20
2252	65.3125	37.0625	20
2253	65.4375	37.0625	20
2254	65.5625	37.0625	20
2255	65.6875	37.0625	20
2256	65.8125	37.0625	20
2257	65.9375	37.0625	20
2258	66.0625	37.0625	20
2259	66.1875	37.0625	20
2260	66.3125	37.0625	20
2261	66.4375	37.0625	20
2262	66.5625	37.0625	20
2263	66.6875	37.0625	20
2264	66.8125	37.0625	20
2265	66.9375	37.0625	20
2266	67.0625	37.0625	20
2267	67.1875	37.0625	20
2268	67.3125	37.0625	20
2269	67.4375	37.0625	20
2270	67.5625	37.0625	20
2271	67.6875	37.0625	20
2272	67.8125	37.0625	16
2273	67.9375	37.0625	16
2274	68.0625	37.0625	16
2275	68.1875	37.0625	16
2276	68.3125	37.0625	16
2277	68.4375	37.0625	16
2278	68.5625	37.0625	20
2279	68.6875	37.0625	19
2280	68.8125	37.0625	19
2281	68.9375	37.0625	19
2282	69.0625	37.0625	7
2283	69.1875	37.0625	17
2284	69.3125	37.0625	17
2285	69.4375	37.0625	17
2286	69.5625	37.0625	17
2287	69.6875	37.0625	17
2288	69.8125	37.0625	17
2289	69.9375	37.0625	17
2290	70.0625	37.0625	17
2291	70.1875	37.0625	17
2292	70.3125	37.0625	17
2293	70.4375	37.0625	17
2294	70.5625	37.0625	17
2295	70.6875	37.0625	17
2296	70.8125	37.0625	17
2297	70.9375	37.0625	17
2298	71.0625	37.0625	17
2299	71.1875	37.0625	17
2300	71.3125	37.0625	17
2301	71.4375	37.0625	17
2302	71.5625	37.0625	24
2303	71.6875	37.0625	24
2304	71.8125	37.0625	24
2305	71.9375	37.0625	24
2306	72.0625	37.0625	24
2307	72.1875	37.0625	24
2308	72.3125	37.0625	24
2309	72.4375	37.0625	24
2310	72.5625	37.0625	17
2311	72.6875	37.0625	17
2312	72.8125	37.0625	20
2313	72.9375	37.0625	20
2314	73.0625	37.0625	24
2315	73.1875	37.0625	24
2316	73.3125	37.0625	24
2317	73.4375	37.0625	20
2318	73.5625	37.0625	20
2319	73.6875	37.0625	20
2320	73.8125	37.0625	20
2321	73.9375	37.0625	20
2322	74.0625	37.0625	20
2323	74.1875	37.0625	20
2324	74.3125	37.0625	24
2325	74.4375	37.0625	24
2326	74.5625	37.0625	24
2327	64.1875	36.9375	16
2328	64.3125	36.9375	16
2329	64.4375	36.9375	16
2330	64.5625	36.9375	16
2331	64.6875	36.9375	16
2332	64.8125	36.9375	16
2333	64.9375	36.9375	20
2334	65.0625	36.9375	20
2335	65.1875	36.9375	20
2336	65.3125	36.9375	20
2337	65.4375	36.9375	20
2338	65.5625	36.9375	20
2339	65.6875	36.9375	20
2340	65.8125	36.9375	20
2341	65.9375	36.9375	20
2342	66.0625	36.9375	20
2343	66.1875	36.9375	20
2344	66.3125	36.9375	20
2345	66.4375	36.9375	20
2346	66.5625	36.9375	20
2347	66.6875	36.9375	20
2348	66.8125	36.9375	20
2349	66.9375	36.9375	20
2350	67.0625	36.9375	20
2351	67.1875	36.9375	20
2352	67.3125	36.9375	20
2353	67.4375	36.9375	20
2354	67.5625	36.9375	20
2355	67.6875	36.9375	20
2356	67.8125	36.9375	20
2357	67.9375	36.9375	9
2358	68.0625	36.9375	9
2359	68.1875	36.9375	16
2360	68.3125	36.9375	20
2361	68.4375	36.9375	20
2362	68.5625	36.9375	20
2363	68.6875	36.9375	20
2364	68.8125	36.9375	19
2365	68.9375	36.9375	19
2366	69.0625	36.9375	19
2367	69.1875	36.9375	17
2368	69.3125	36.9375	17
2369	69.4375	36.9375	17
2370	69.5625	36.9375	17
2371	69.6875	36.9375	17
2372	69.8125	36.9375	17
2373	69.9375	36.9375	17
2374	70.0625	36.9375	17
2375	70.1875	36.9375	17
2376	70.3125	36.9375	17
2377	70.4375	36.9375	17
2378	70.5625	36.9375	17
2379	70.6875	36.9375	17
2380	70.8125	36.9375	17
2381	70.9375	36.9375	17
2382	71.0625	36.9375	17
2383	71.1875	36.9375	17
2384	71.3125	36.9375	17
2385	71.4375	36.9375	17
2386	71.5625	36.9375	24
2387	71.6875	36.9375	24
2388	71.8125	36.9375	24
2389	71.9375	36.9375	24
2390	72.0625	36.9375	24
2391	72.1875	36.9375	17
2392	72.3125	36.9375	17
2393	72.4375	36.9375	17
2394	72.5625	36.9375	20
2395	72.6875	36.9375	20
2396	72.8125	36.9375	20
2397	72.9375	36.9375	20
2398	73.0625	36.9375	20
2399	73.1875	36.9375	24
2400	73.3125	36.9375	20
2401	73.4375	36.9375	20
2402	73.5625	36.9375	20
2403	73.6875	36.9375	20
2404	73.8125	36.9375	24
2405	73.9375	36.9375	20
2406	74.0625	36.9375	24
2407	74.1875	36.9375	24
2408	74.3125	36.9375	24
2409	74.4375	36.9375	20
2410	74.5625	36.9375	24
2411	64.1875	36.8125	16
2412	64.3125	36.8125	16
2413	64.4375	36.8125	16
2414	64.5625	36.8125	16
2415	64.6875	36.8125	16
2416	64.8125	36.8125	16
2417	64.9375	36.8125	20
2418	65.0625	36.8125	20
2419	65.1875	36.8125	20
2420	65.3125	36.8125	20
2421	65.4375	36.8125	20
2422	65.5625	36.8125	20
2423	65.6875	36.8125	20
2424	65.8125	36.8125	20
2425	65.9375	36.8125	20
2426	66.0625	36.8125	20
2427	66.1875	36.8125	20
2428	66.3125	36.8125	20
2429	66.4375	36.8125	20
2430	66.5625	36.8125	20
2431	66.6875	36.8125	19
2432	66.8125	36.8125	7
2433	66.9375	36.8125	7
2434	67.0625	36.8125	20
2435	67.1875	36.8125	20
2436	67.3125	36.8125	20
2437	67.4375	36.8125	20
2438	67.5625	36.8125	20
2439	67.6875	36.8125	20
2440	67.8125	36.8125	20
2441	67.9375	36.8125	20
2442	68.0625	36.8125	20
2443	68.1875	36.8125	20
2444	68.3125	36.8125	19
2445	68.4375	36.8125	19
2446	68.5625	36.8125	19
2447	68.6875	36.8125	7
2448	68.8125	36.8125	19
2449	68.9375	36.8125	19
2450	69.0625	36.8125	19
2451	69.1875	36.8125	17
2452	69.3125	36.8125	17
2453	69.4375	36.8125	17
2454	69.5625	36.8125	17
2455	69.6875	36.8125	17
2456	69.8125	36.8125	17
2457	69.9375	36.8125	17
2458	70.0625	36.8125	17
2459	70.1875	36.8125	17
2460	70.3125	36.8125	17
2461	70.4375	36.8125	17
2462	70.5625	36.8125	17
2463	70.6875	36.8125	17
2464	70.8125	36.8125	17
2465	70.9375	36.8125	17
2466	71.0625	36.8125	17
2467	71.1875	36.8125	17
2468	71.3125	36.8125	17
2469	71.4375	36.8125	17
2470	71.5625	36.8125	17
2471	71.6875	36.8125	24
2472	71.8125	36.8125	24
2473	71.9375	36.8125	17
2474	72.0625	36.8125	17
2475	72.1875	36.8125	20
2476	72.3125	36.8125	24
2477	72.4375	36.8125	24
2478	72.5625	36.8125	24
2479	72.6875	36.8125	24
2480	72.8125	36.8125	24
2481	72.9375	36.8125	24
2482	73.0625	36.8125	20
2483	73.3125	36.8125	24
2484	73.5625	36.8125	24
2485	73.9375	36.8125	24
2486	74.0625	36.8125	24
2487	74.1875	36.8125	24
2488	64.5625	36.6875	16
2489	64.6875	36.6875	17
2490	64.8125	36.6875	17
2491	64.9375	36.6875	19
2492	65.0625	36.6875	19
2493	65.1875	36.6875	19
2494	65.3125	36.6875	20
2495	65.4375	36.6875	19
2496	65.5625	36.6875	20
2497	65.6875	36.6875	20
2498	65.8125	36.6875	19
2499	65.9375	36.6875	20
2500	66.0625	36.6875	20
2501	66.1875	36.6875	20
2502	66.3125	36.6875	20
2503	66.4375	36.6875	20
2504	66.5625	36.6875	20
2505	66.6875	36.6875	7
2506	66.8125	36.6875	7
2507	66.9375	36.6875	7
2508	67.0625	36.6875	20
2509	67.1875	36.6875	20
2510	67.3125	36.6875	19
2511	67.4375	36.6875	19
2512	67.5625	36.6875	20
2513	67.6875	36.6875	19
2514	67.8125	36.6875	20
2515	67.9375	36.6875	20
2516	68.0625	36.6875	19
2517	68.1875	36.6875	19
2518	68.3125	36.6875	19
2519	68.4375	36.6875	19
2520	68.5625	36.6875	19
2521	68.6875	36.6875	19
2522	68.8125	36.6875	7
2523	68.9375	36.6875	7
2524	69.0625	36.6875	7
2525	69.1875	36.6875	17
2526	69.3125	36.6875	17
2527	69.4375	36.6875	17
2528	69.5625	36.6875	17
2529	69.6875	36.6875	17
2530	69.8125	36.6875	17
2531	69.9375	36.6875	17
2532	70.0625	36.6875	17
2533	70.1875	36.6875	17
2534	70.3125	36.6875	17
2535	70.4375	36.6875	17
2536	70.5625	36.6875	17
2537	70.6875	36.6875	17
2538	70.8125	36.6875	17
2539	70.9375	36.6875	17
2540	71.0625	36.6875	17
2541	71.1875	36.6875	17
2542	71.3125	36.6875	20
2543	71.4375	36.6875	20
2544	71.5625	36.6875	17
2545	71.6875	36.6875	17
2546	71.8125	36.6875	17
2547	71.9375	36.6875	17
2548	72.0625	36.6875	20
2549	72.1875	36.6875	24
2550	72.3125	36.6875	24
2551	64.5625	36.5625	16
2552	64.6875	36.5625	19
2553	64.8125	36.5625	19
2554	64.9375	36.5625	19
2555	65.0625	36.5625	19
2556	65.1875	36.5625	19
2557	65.3125	36.5625	19
2558	65.4375	36.5625	19
2559	65.5625	36.5625	19
2560	65.6875	36.5625	19
2561	65.8125	36.5625	19
2562	65.9375	36.5625	19
2563	66.0625	36.5625	19
2564	66.1875	36.5625	19
2565	66.3125	36.5625	19
2566	66.4375	36.5625	19
2567	66.5625	36.5625	19
2568	66.6875	36.5625	19
2569	66.8125	36.5625	19
2570	66.9375	36.5625	19
2571	67.0625	36.5625	19
2572	67.1875	36.5625	19
2573	67.3125	36.5625	19
2574	67.4375	36.5625	19
2575	67.5625	36.5625	19
2576	67.6875	36.5625	19
2577	67.8125	36.5625	19
2578	67.9375	36.5625	19
2579	68.0625	36.5625	19
2580	68.1875	36.5625	19
2581	68.3125	36.5625	19
2582	68.4375	36.5625	19
2583	68.5625	36.5625	19
2584	68.6875	36.5625	19
2585	68.8125	36.5625	19
2586	68.9375	36.5625	17
2587	69.0625	36.5625	17
2588	69.1875	36.5625	17
2589	69.3125	36.5625	17
2590	69.4375	36.5625	17
2591	69.5625	36.5625	17
2592	69.6875	36.5625	17
2593	69.8125	36.5625	17
2594	69.9375	36.5625	17
2595	70.0625	36.5625	17
2596	70.1875	36.5625	17
2597	70.3125	36.5625	17
2598	70.4375	36.5625	17
2599	70.5625	36.5625	17
2600	70.6875	36.5625	17
2601	70.8125	36.5625	17
2602	70.9375	36.5625	17
2603	71.0625	36.5625	17
2604	71.1875	36.5625	17
2605	71.3125	36.5625	20
2606	71.4375	36.5625	20
2607	71.5625	36.5625	20
2608	71.6875	36.5625	20
2609	71.8125	36.5625	24
2610	71.9375	36.5625	24
2611	72.0625	36.5625	24
2612	64.1875	36.4375	17
2613	64.3125	36.4375	17
2614	64.4375	36.4375	16
2615	64.5625	36.4375	16
2616	64.6875	36.4375	17
2617	64.8125	36.4375	19
2618	64.9375	36.4375	19
2619	65.0625	36.4375	19
2620	65.1875	36.4375	19
2621	65.3125	36.4375	19
2622	65.4375	36.4375	19
2623	65.5625	36.4375	19
2624	65.6875	36.4375	19
2625	65.8125	36.4375	19
2626	65.9375	36.4375	19
2627	66.0625	36.4375	19
2628	66.1875	36.4375	19
2629	66.3125	36.4375	19
2630	66.4375	36.4375	19
2631	66.5625	36.4375	19
2632	66.6875	36.4375	19
2633	66.8125	36.4375	20
2634	66.9375	36.4375	19
2635	67.0625	36.4375	19
2636	67.1875	36.4375	17
2637	67.3125	36.4375	17
2638	67.4375	36.4375	19
2639	67.5625	36.4375	19
2640	67.6875	36.4375	19
2641	67.8125	36.4375	19
2642	67.9375	36.4375	19
2643	68.0625	36.4375	19
2644	68.1875	36.4375	19
2645	68.3125	36.4375	19
2646	68.4375	36.4375	19
2647	68.5625	36.4375	19
2648	68.6875	36.4375	19
2649	68.8125	36.4375	19
2650	68.9375	36.4375	17
2651	69.0625	36.4375	17
2652	69.1875	36.4375	17
2653	69.3125	36.4375	17
2654	69.4375	36.4375	17
2655	69.5625	36.4375	17
2656	69.6875	36.4375	17
2657	69.8125	36.4375	17
2658	69.9375	36.4375	17
2659	70.0625	36.4375	17
2660	70.1875	36.4375	17
2661	70.3125	36.4375	17
2662	70.4375	36.4375	17
2663	70.5625	36.4375	17
2664	70.6875	36.4375	17
2665	70.8125	36.4375	17
2666	70.9375	36.4375	17
2667	71.0625	36.4375	17
2668	71.1875	36.4375	20
2669	71.3125	36.4375	20
2670	71.4375	36.4375	20
2671	71.5625	36.4375	24
2672	71.6875	36.4375	20
2673	71.8125	36.4375	24
2674	63.9375	36.3125	17
2675	64.0625	36.3125	17
2676	64.1875	36.3125	16
2677	64.3125	36.3125	17
2678	64.4375	36.3125	17
2679	64.5625	36.3125	17
2680	64.6875	36.3125	19
2681	64.8125	36.3125	19
2682	64.9375	36.3125	19
2683	65.0625	36.3125	19
2684	65.1875	36.3125	19
2685	65.3125	36.3125	19
2686	65.4375	36.3125	19
2687	65.5625	36.3125	19
2688	65.6875	36.3125	19
2689	65.8125	36.3125	19
2690	65.9375	36.3125	19
2691	66.0625	36.3125	19
2692	66.1875	36.3125	19
2693	66.3125	36.3125	19
2694	66.4375	36.3125	19
2695	66.5625	36.3125	19
2696	66.6875	36.3125	19
2697	66.8125	36.3125	19
2698	66.9375	36.3125	19
2699	67.0625	36.3125	19
2700	67.1875	36.3125	19
2701	67.3125	36.3125	19
2702	67.4375	36.3125	19
2703	67.5625	36.3125	19
2704	67.6875	36.3125	19
2705	67.8125	36.3125	20
2706	67.9375	36.3125	19
2707	68.0625	36.3125	19
2708	68.1875	36.3125	19
2709	68.3125	36.3125	19
2710	68.4375	36.3125	19
2711	68.5625	36.3125	19
2712	68.6875	36.3125	19
2713	68.8125	36.3125	7
2714	68.9375	36.3125	17
2715	69.0625	36.3125	17
2716	69.1875	36.3125	17
2717	69.3125	36.3125	17
2718	69.4375	36.3125	17
2719	69.5625	36.3125	17
2720	69.6875	36.3125	17
2721	69.8125	36.3125	17
2722	69.9375	36.3125	17
2723	70.0625	36.3125	17
2724	70.1875	36.3125	17
2725	70.3125	36.3125	17
2726	70.4375	36.3125	17
2727	70.5625	36.3125	17
2728	70.6875	36.3125	17
2729	70.8125	36.3125	17
2730	70.9375	36.3125	17
2731	71.0625	36.3125	17
2732	71.1875	36.3125	20
2733	71.3125	36.3125	17
2734	71.4375	36.3125	20
2735	71.5625	36.3125	20
2736	63.9375	36.1875	17
2737	64.0625	36.1875	17
2738	64.1875	36.1875	17
2739	64.3125	36.1875	17
2740	64.4375	36.1875	17
2741	64.5625	36.1875	19
2742	64.6875	36.1875	19
2743	64.8125	36.1875	19
2744	64.9375	36.1875	19
2745	65.0625	36.1875	19
2746	65.1875	36.1875	19
2747	65.3125	36.1875	19
2748	65.4375	36.1875	19
2749	65.5625	36.1875	19
2750	65.6875	36.1875	19
2751	65.8125	36.1875	19
2752	65.9375	36.1875	19
2753	66.0625	36.1875	19
2754	66.1875	36.1875	19
2755	66.3125	36.1875	19
2756	66.4375	36.1875	19
2757	66.5625	36.1875	19
2758	66.6875	36.1875	19
2759	66.8125	36.1875	19
2760	66.9375	36.1875	17
2761	67.0625	36.1875	17
2762	67.1875	36.1875	19
2763	67.3125	36.1875	17
2764	67.4375	36.1875	19
2765	67.5625	36.1875	19
2766	67.6875	36.1875	19
2767	67.8125	36.1875	19
2768	67.9375	36.1875	19
2769	68.0625	36.1875	19
2770	68.1875	36.1875	19
2771	68.3125	36.1875	17
2772	68.4375	36.1875	17
2773	68.5625	36.1875	19
2774	68.6875	36.1875	7
2775	68.8125	36.1875	17
2776	68.9375	36.1875	17
2777	69.0625	36.1875	17
2778	69.1875	36.1875	17
2779	69.3125	36.1875	17
2780	69.4375	36.1875	17
2781	69.5625	36.1875	17
2782	69.6875	36.1875	17
2783	69.8125	36.1875	17
2784	69.9375	36.1875	17
2785	70.0625	36.1875	17
2786	70.1875	36.1875	17
2787	70.3125	36.1875	17
2788	70.4375	36.1875	17
2789	70.5625	36.1875	17
2790	70.6875	36.1875	17
2791	70.8125	36.1875	17
2792	70.9375	36.1875	24
2793	71.0625	36.1875	20
2794	71.1875	36.1875	20
2795	71.3125	36.1875	17
2796	71.4375	36.1875	20
2797	64.0625	36.0625	17
2798	64.1875	36.0625	19
2799	64.3125	36.0625	19
2800	64.4375	36.0625	19
2801	64.5625	36.0625	19
2802	64.6875	36.0625	19
2803	64.8125	36.0625	19
2804	64.9375	36.0625	19
2805	65.0625	36.0625	19
2806	65.1875	36.0625	19
2807	65.3125	36.0625	19
2808	65.4375	36.0625	19
2809	65.5625	36.0625	19
2810	65.6875	36.0625	19
2811	65.8125	36.0625	19
2812	65.9375	36.0625	19
2813	66.0625	36.0625	19
2814	66.1875	36.0625	17
2815	66.3125	36.0625	17
2816	66.4375	36.0625	17
2817	66.5625	36.0625	17
2818	66.6875	36.0625	17
2819	66.8125	36.0625	17
2820	66.9375	36.0625	19
2821	67.0625	36.0625	17
2822	67.1875	36.0625	19
2823	67.3125	36.0625	17
2824	67.4375	36.0625	17
2825	67.5625	36.0625	17
2826	67.6875	36.0625	17
2827	67.8125	36.0625	19
2828	67.9375	36.0625	17
2829	68.0625	36.0625	19
2830	68.1875	36.0625	17
2831	68.3125	36.0625	17
2832	68.4375	36.0625	17
2833	68.5625	36.0625	7
2834	68.6875	36.0625	17
2835	68.8125	36.0625	17
2836	68.9375	36.0625	17
2837	69.0625	36.0625	17
2838	69.1875	36.0625	17
2839	69.3125	36.0625	17
2840	69.4375	36.0625	17
2841	69.5625	36.0625	17
2842	69.6875	36.0625	17
2843	69.8125	36.0625	17
2844	69.9375	36.0625	17
2845	70.0625	36.0625	17
2846	70.1875	36.0625	17
2847	70.3125	36.0625	17
2848	70.4375	36.0625	17
2849	70.5625	36.0625	20
2850	70.6875	36.0625	20
2851	70.8125	36.0625	20
2852	70.9375	36.0625	20
2853	71.0625	36.0625	20
2854	71.1875	36.0625	17
2855	71.3125	36.0625	20
2856	64.0625	35.9375	19
2857	64.1875	35.9375	19
2858	64.3125	35.9375	19
2859	64.4375	35.9375	19
2860	64.5625	35.9375	19
2861	64.6875	35.9375	17
2862	64.8125	35.9375	17
2863	64.9375	35.9375	17
2864	65.0625	35.9375	19
2865	65.1875	35.9375	17
2866	65.3125	35.9375	19
2867	65.4375	35.9375	19
2868	65.5625	35.9375	17
2869	65.6875	35.9375	17
2870	65.8125	35.9375	17
2871	65.9375	35.9375	17
2872	66.0625	35.9375	19
2873	66.1875	35.9375	17
2874	66.3125	35.9375	17
2875	66.4375	35.9375	17
2876	66.5625	35.9375	17
2877	66.6875	35.9375	19
2878	66.8125	35.9375	19
2879	66.9375	35.9375	17
2880	67.0625	35.9375	17
2881	67.1875	35.9375	17
2882	67.3125	35.9375	17
2883	67.4375	35.9375	17
2884	67.5625	35.9375	17
2885	67.6875	35.9375	17
2886	67.8125	35.9375	17
2887	67.9375	35.9375	17
2888	68.0625	35.9375	17
2889	68.1875	35.9375	17
2890	68.3125	35.9375	17
2891	68.4375	35.9375	17
2892	68.5625	35.9375	7
2893	68.6875	35.9375	17
2894	68.8125	35.9375	17
2895	68.9375	35.9375	17
2896	69.0625	35.9375	17
2897	69.1875	35.9375	17
2898	69.3125	35.9375	17
2899	69.4375	35.9375	17
2900	69.5625	35.9375	17
2901	69.6875	35.9375	17
2902	69.8125	35.9375	17
2903	69.9375	35.9375	17
2904	70.0625	35.9375	17
2905	70.1875	35.9375	17
2906	70.3125	35.9375	17
2907	70.4375	35.9375	20
2908	70.5625	35.9375	20
2909	70.6875	35.9375	20
2910	70.8125	35.9375	17
2911	70.9375	35.9375	20
2912	71.0625	35.9375	17
2913	71.1875	35.9375	17
2914	64.0625	35.8125	19
2915	64.1875	35.8125	19
2916	64.3125	35.8125	19
2917	64.4375	35.8125	19
2918	64.5625	35.8125	17
2919	64.6875	35.8125	17
2920	64.8125	35.8125	17
2921	64.9375	35.8125	17
2922	65.0625	35.8125	17
2923	65.1875	35.8125	19
2924	65.3125	35.8125	17
2925	65.4375	35.8125	17
2926	65.5625	35.8125	17
2927	65.6875	35.8125	17
2928	65.8125	35.8125	17
2929	65.9375	35.8125	17
2930	66.0625	35.8125	17
2931	66.1875	35.8125	17
2932	66.3125	35.8125	17
2933	66.4375	35.8125	17
2934	66.5625	35.8125	17
2935	66.6875	35.8125	17
2936	66.8125	35.8125	17
2937	66.9375	35.8125	19
2938	67.0625	35.8125	17
2939	67.1875	35.8125	17
2940	67.3125	35.8125	17
2941	67.4375	35.8125	17
2942	67.5625	35.8125	17
2943	67.6875	35.8125	17
2944	67.8125	35.8125	17
2945	67.9375	35.8125	17
2946	68.0625	35.8125	17
2947	68.1875	35.8125	17
2948	68.3125	35.8125	17
2949	68.4375	35.8125	17
2950	68.5625	35.8125	17
2951	68.6875	35.8125	17
2952	68.8125	35.8125	17
2953	68.9375	35.8125	17
2954	69.0625	35.8125	17
2955	69.1875	35.8125	17
2956	69.3125	35.8125	17
2957	69.4375	35.8125	17
2958	69.5625	35.8125	17
2959	69.6875	35.8125	17
2960	69.8125	35.8125	17
2961	69.9375	35.8125	17
2962	70.0625	35.8125	17
2963	70.1875	35.8125	17
2964	70.3125	35.8125	17
2965	70.4375	35.8125	17
2966	70.5625	35.8125	17
2967	70.6875	35.8125	17
2968	70.8125	35.8125	17
2969	70.9375	35.8125	17
2970	71.0625	35.8125	20
2971	64.1875	35.6875	17
2972	64.3125	35.6875	17
2973	64.4375	35.6875	17
2974	64.5625	35.6875	19
2975	64.6875	35.6875	17
2976	64.8125	35.6875	17
2977	64.9375	35.6875	17
2978	65.0625	35.6875	17
2979	65.1875	35.6875	17
2980	65.3125	35.6875	17
2981	65.4375	35.6875	17
2982	65.5625	35.6875	17
2983	65.6875	35.6875	17
2984	65.8125	35.6875	17
2985	65.9375	35.6875	17
2986	66.0625	35.6875	17
2987	66.1875	35.6875	17
2988	66.3125	35.6875	17
2989	66.4375	35.6875	17
2990	66.5625	35.6875	17
2991	66.6875	35.6875	17
2992	66.8125	35.6875	17
2993	66.9375	35.6875	17
2994	67.0625	35.6875	17
2995	67.1875	35.6875	17
2996	67.3125	35.6875	17
2997	67.4375	35.6875	17
2998	67.5625	35.6875	17
2999	67.6875	35.6875	17
3000	67.8125	35.6875	17
3001	67.9375	35.6875	17
3002	68.0625	35.6875	17
3003	68.1875	35.6875	17
3004	68.3125	35.6875	17
3005	68.4375	35.6875	17
3006	68.5625	35.6875	17
3007	68.6875	35.6875	17
3008	68.8125	35.6875	17
3009	68.9375	35.6875	17
3010	69.0625	35.6875	17
3011	69.1875	35.6875	17
3012	69.3125	35.6875	17
3013	69.4375	35.6875	17
3014	69.5625	35.6875	17
3015	69.6875	35.6875	17
3016	69.8125	35.6875	17
3017	69.9375	35.6875	17
3018	70.3125	35.6875	17
3019	70.4375	35.6875	17
3020	70.5625	35.6875	17
3021	70.6875	35.6875	17
3022	70.8125	35.6875	17
3023	70.9375	35.6875	17
3024	71.0625	35.6875	17
3025	64.3125	35.5625	17
3026	64.4375	35.5625	17
3027	64.5625	35.5625	17
3028	64.6875	35.5625	17
3029	64.8125	35.5625	17
3030	64.9375	35.5625	17
3031	65.0625	35.5625	17
3032	65.1875	35.5625	17
3033	65.3125	35.5625	17
3034	65.4375	35.5625	17
3035	65.5625	35.5625	17
3036	65.6875	35.5625	17
3037	65.8125	35.5625	17
3038	65.9375	35.5625	17
3039	66.0625	35.5625	17
3040	66.1875	35.5625	17
3041	66.3125	35.5625	17
3042	66.4375	35.5625	17
3043	66.5625	35.5625	17
3044	66.6875	35.5625	17
3045	66.8125	35.5625	17
3046	66.9375	35.5625	17
3047	67.0625	35.5625	17
3048	67.1875	35.5625	17
3049	67.3125	35.5625	17
3050	67.4375	35.5625	17
3051	67.5625	35.5625	17
3052	67.6875	35.5625	17
3053	67.8125	35.5625	17
3054	67.9375	35.5625	17
3055	68.0625	35.5625	17
3056	68.1875	35.5625	17
3057	68.3125	35.5625	17
3058	68.4375	35.5625	17
3059	68.5625	35.5625	17
3060	68.6875	35.5625	17
3061	68.8125	35.5625	17
3062	68.9375	35.5625	17
3063	69.0625	35.5625	17
3064	69.1875	35.5625	17
3065	69.3125	35.5625	17
3066	69.4375	35.5625	17
3067	69.5625	35.5625	17
3068	69.6875	35.5625	17
3069	69.8125	35.5625	17
3070	70.5625	35.5625	17
3071	70.6875	35.5625	17
3072	70.8125	35.5625	17
3073	70.9375	35.5625	17
3074	64.3125	35.4375	17
3075	64.4375	35.4375	17
3076	64.5625	35.4375	17
3077	64.6875	35.4375	17
3078	64.8125	35.4375	17
3079	64.9375	35.4375	17
3080	65.0625	35.4375	17
3081	65.1875	35.4375	17
3082	65.3125	35.4375	17
3083	65.4375	35.4375	17
3084	65.5625	35.4375	17
3085	65.6875	35.4375	17
3086	65.8125	35.4375	17
3087	65.9375	35.4375	17
3088	66.0625	35.4375	17
3089	66.1875	35.4375	17
3090	66.3125	35.4375	17
3091	66.4375	35.4375	17
3092	66.5625	35.4375	17
3093	66.6875	35.4375	17
3094	66.8125	35.4375	17
3095	66.9375	35.4375	17
3096	67.0625	35.4375	17
3097	67.1875	35.4375	17
3098	67.3125	35.4375	17
3099	67.4375	35.4375	17
3100	67.5625	35.4375	17
3101	67.6875	35.4375	17
3102	67.8125	35.4375	17
3103	67.9375	35.4375	17
3104	68.0625	35.4375	17
3105	68.1875	35.4375	17
3106	68.3125	35.4375	17
3107	68.4375	35.4375	17
3108	68.5625	35.4375	17
3109	68.6875	35.4375	17
3110	68.8125	35.4375	17
3111	68.9375	35.4375	17
3112	69.0625	35.4375	17
3113	69.1875	35.4375	17
3114	69.3125	35.4375	17
3115	69.4375	35.4375	17
3116	69.5625	35.4375	17
3117	69.6875	35.4375	17
3118	70.5625	35.4375	17
3119	70.6875	35.4375	17
3120	70.8125	35.4375	17
3121	70.9375	35.4375	17
3122	65.4375	35.3125	17
3123	65.5625	35.3125	17
3124	65.6875	35.3125	17
3125	65.8125	35.3125	17
3126	65.9375	35.3125	17
3127	66.0625	35.3125	17
3128	66.1875	35.3125	17
3129	66.3125	35.3125	17
3130	66.4375	35.3125	17
3131	66.5625	35.3125	17
3132	66.6875	35.3125	17
3133	66.8125	35.3125	17
3134	66.9375	35.3125	17
3135	67.0625	35.3125	17
3136	67.1875	35.3125	17
3137	67.3125	35.3125	17
3138	67.4375	35.3125	17
3139	67.5625	35.3125	17
3140	67.6875	35.3125	17
3141	67.8125	35.3125	17
3142	67.9375	35.3125	17
3143	68.0625	35.3125	17
3144	68.1875	35.3125	17
3145	68.3125	35.3125	17
3146	68.4375	35.3125	17
3147	68.5625	35.3125	17
3148	68.6875	35.3125	17
3149	68.8125	35.3125	17
3150	68.9375	35.3125	17
3151	69.0625	35.3125	17
3152	65.4375	35.1875	17
3153	65.5625	35.1875	17
3154	65.9375	35.1875	17
3155	66.0625	35.1875	17
3156	66.1875	35.1875	17
3157	66.3125	35.1875	17
3158	66.4375	35.1875	17
3159	66.5625	35.1875	17
3160	66.6875	35.1875	17
3161	66.8125	35.1875	17
3162	66.9375	35.1875	17
3163	67.0625	35.1875	17
3164	67.1875	35.1875	17
3165	67.3125	35.1875	17
3166	67.4375	35.1875	17
3167	67.5625	35.1875	17
3168	67.6875	35.1875	20
3169	67.8125	35.1875	17
3170	67.9375	35.1875	17
3171	68.0625	35.1875	17
3172	68.1875	35.1875	17
3173	68.3125	35.1875	17
3174	68.4375	35.1875	17
3175	68.5625	35.1875	17
3176	68.6875	35.1875	17
3177	68.8125	35.1875	17
3178	69.0625	35.1875	17
3179	66.0625	35.0625	17
3180	66.1875	35.0625	17
3181	66.3125	35.0625	17
3182	66.4375	35.0625	17
3183	66.5625	35.0625	17
3184	66.6875	35.0625	17
3185	66.8125	35.0625	17
3186	66.9375	35.0625	17
3187	67.0625	35.0625	17
3188	67.1875	35.0625	17
3189	67.3125	35.0625	17
3190	67.4375	35.0625	17
3191	67.5625	35.0625	17
3192	67.6875	35.0625	17
3193	67.8125	35.0625	17
3194	67.9375	35.0625	17
3195	68.0625	35.0625	17
3196	68.1875	35.0625	17
3197	68.3125	35.0625	17
3198	68.4375	35.0625	17
3199	68.5625	35.0625	17
3200	66.0625	34.9375	17
3201	66.1875	34.9375	17
3202	66.3125	34.9375	17
3203	66.4375	34.9375	17
3204	66.5625	34.9375	17
3205	66.6875	34.9375	17
3206	66.8125	34.9375	17
3207	66.9375	34.9375	17
3208	67.0625	34.9375	17
3209	67.1875	34.9375	17
3210	67.3125	34.9375	17
3211	67.4375	34.9375	17
3212	67.5625	34.9375	17
3213	67.6875	34.9375	17
3214	67.8125	34.9375	17
3215	67.9375	34.9375	17
3216	68.0625	34.9375	17
3217	68.1875	34.9375	17
3218	68.3125	34.9375	17
3219	66.1875	34.8125	17
3220	66.4375	34.8125	17
3221	66.5625	34.8125	17
3222	66.6875	34.8125	17
3223	66.8125	34.8125	17
3224	66.9375	34.8125	17
3225	67.0625	34.8125	17
3226	67.1875	34.8125	17
3227	67.3125	34.8125	17
3228	67.4375	34.8125	17
3229	67.5625	34.8125	17
3230	67.6875	34.8125	17
3231	67.8125	34.8125	17
3232	67.9375	34.8125	17
3233	68.0625	34.8125	17
3234	68.1875	34.8125	17
3235	68.3125	34.8125	17
3236	66.5625	34.6875	17
3237	66.6875	34.6875	17
3238	66.8125	34.6875	17
3239	66.9375	34.6875	17
3240	67.0625	34.6875	17
3241	67.1875	34.6875	17
3242	67.3125	34.6875	17
3243	67.4375	34.6875	17
3244	67.5625	34.6875	17
3245	67.6875	34.6875	17
3246	67.8125	34.6875	17
3247	67.9375	34.6875	17
3248	68.0625	34.6875	17
3249	68.1875	34.6875	17
3250	66.6875	34.5625	17
3251	66.8125	34.5625	17
3252	66.9375	34.5625	17
3253	67.0625	34.5625	17
3254	67.1875	34.5625	17
3255	67.3125	34.5625	17
3256	67.8125	34.5625	17
3257	67.9375	34.5625	17
3258	68.0625	34.5625	17
3259	66.6875	34.4375	17
3260	66.8125	34.4375	17
