ID	X	Y	slope
1	59.4375	44.0625	0.000757
2	59.5625	44.0625	0.000643
3	59.4375	43.9375	0.000753
4	59.5625	43.9375	0.000677
5	59.1875	43.8125	0.000427
6	59.3125	43.8125	0.000428
7	59.4375	43.8125	0.000552
8	59.0625	43.6875	0.000278
9	59.1875	43.6875	0.000303
10	59.3125	43.6875	0.000196
11	59.4375	43.6875	0.000209
12	59.5625	43.6875	0.000420
13	59.0625	43.5625	0.000222
14	59.1875	43.5625	0.000185
15	59.3125	43.5625	0.000175
16	59.4375	43.5625	0.000229
17	59.5625	43.5625	0.000344
18	59.0625	43.4375	0.000189
19	59.1875	43.4375	0.000154
20	59.3125	43.4375	0.000296
21	59.4375	43.4375	0.000437
22	59.5625	43.4375	0.000376
23	59.0625	43.3125	0.000128
24	59.1875	43.3125	0.000162
25	59.3125	43.3125	0.000468
26	59.4375	43.3125	0.000304
27	59.0625	43.1875	0.000188
28	59.1875	43.1875	0.000169
29	59.3125	43.1875	0.000378
30	59.4375	43.1875	0.000064
31	59.0625	43.0625	0.000255
32	59.1875	43.0625	0.000154
33	59.3125	43.0625	0.000216
34	59.4375	43.0625	0.000053
35	59.1875	42.9375	0.000248
36	59.3125	42.9375	0.000182
37	59.4375	42.9375	0.000233
38	59.1875	42.8125	0.000232
39	59.3125	42.8125	0.000177
40	59.4375	42.8125	0.000323
41	59.1875	42.6875	0.000074
42	59.3125	42.6875	0.000165
43	59.4375	42.6875	0.000278
44	59.1875	42.5625	0.000137
45	59.3125	42.5625	0.000222
46	59.4375	42.5625	0.000222
47	59.5625	42.5625	0.000329
48	59.4375	42.4375	0.000134
49	59.5625	42.4375	0.000220
50	59.6875	42.4375	0.000572
51	59.8125	42.4375	0.000679
52	59.9375	42.4375	0.001038
53	60.0625	42.4375	0.002121
54	60.1875	42.4375	0.002871
55	59.5625	42.3125	0.000147
56	59.6875	42.3125	0.000198
57	59.8125	42.3125	0.000160
58	59.9375	42.3125	0.000318
59	60.0625	42.3125	0.001288
60	60.1875	42.3125	0.004015
61	59.9375	42.1875	0.000222
62	60.0625	42.1875	0.000245
63	60.1875	42.1875	0.002163
64	60.3125	42.1875	0.006019
65	60.4375	42.1875	0.006623
66	60.1875	42.0625	0.000418
67	60.3125	42.0625	0.001899
68	60.4375	42.0625	0.004017
69	60.5625	42.0625	0.005724
70	60.6875	42.0625	0.006329
71	60.8125	42.0625	0.005454
72	60.1875	41.9375	0.000250
73	60.3125	41.9375	0.000253
74	60.4375	41.9375	0.000307
75	60.5625	41.9375	0.000282
76	60.6875	41.9375	0.000305
77	60.8125	41.9375	0.000045
78	60.9375	41.9375	0.000229
79	60.3125	41.8125	0.000299
80	60.4375	41.8125	0.000265
81	60.5625	41.8125	0.000293
82	60.6875	41.8125	0.000238
83	60.8125	41.8125	0.000213
84	60.9375	41.8125	0.000242
85	60.5625	41.6875	0.000191
86	60.6875	41.6875	0.000237
87	60.8125	41.6875	0.000230
88	60.9375	41.6875	0.000215
89	60.6875	41.5625	0.000183
90	60.8125	41.5625	0.000206
91	60.9375	41.5625	0.000241
92	61.0625	41.5625	0.000200
93	60.8125	41.4375	0.000279
94	60.9375	41.4375	0.000283
95	61.0625	41.4375	0.000326
96	61.1875	41.4375	0.000388
97	61.3125	41.4375	0.000772
98	61.4375	41.4375	0.000847
99	60.9375	41.3125	0.000426
100	61.0625	41.3125	0.000399
101	61.1875	41.3125	0.000451
102	61.3125	41.3125	0.000408
103	61.4375	41.3125	0.000777
104	61.5625	41.3125	0.000651
105	61.6875	41.3125	0.000511
106	61.1875	41.1875	0.000606
107	61.3125	41.1875	0.000563
108	61.4375	41.1875	0.000510
109	61.5625	41.1875	0.000679
110	61.6875	41.1875	0.000605
111	61.8125	41.1875	0.000215
112	61.9375	41.1875	0.000346
113	61.4375	41.0625	0.000651
114	61.5625	41.0625	0.000647
115	61.6875	41.0625	0.000531
116	61.8125	41.0625	0.000269
117	61.9375	41.0625	0.000219
118	62.0625	41.0625	0.000883
119	61.4375	40.9375	0.000561
120	61.5625	40.9375	0.000489
121	61.6875	40.9375	0.000230
122	61.8125	40.9375	0.000072
123	61.9375	40.9375	0.000215
124	62.0625	40.9375	0.000753
125	62.1875	40.9375	0.000802
126	61.6875	40.8125	0.000423
127	61.8125	40.8125	0.000391
128	61.9375	40.8125	0.000407
129	62.0625	40.8125	0.000445
130	62.1875	40.8125	0.000786
131	62.3125	40.8125	0.000469
132	61.8125	40.6875	0.000511
133	61.9375	40.6875	0.000551
134	62.0625	40.6875	0.000382
135	62.1875	40.6875	0.000392
136	62.3125	40.6875	0.000731
137	62.4375	40.6875	0.000560
138	62.0625	40.5625	0.000553
139	62.1875	40.5625	0.000427
140	62.3125	40.5625	0.000502
141	62.4375	40.5625	0.000804
142	62.5625	40.5625	0.000496
143	62.6875	40.5625	0.000206
144	62.0625	40.4375	0.000513
145	62.1875	40.4375	0.000837
146	62.3125	40.4375	0.000684
147	62.4375	40.4375	0.000631
148	62.5625	40.4375	0.000634
149	62.6875	40.4375	0.000177
150	62.8125	40.4375	0.000020
151	62.9375	40.4375	0.000019
152	63.0625	40.4375	0.000087
153	65.3125	40.4375	0.009293
154	65.4375	40.4375	0.011604
155	65.5625	40.4375	0.014124
156	65.8125	40.4375	0.016774
157	65.9375	40.4375	0.015234
158	66.0625	40.4375	0.009781
159	66.4375	40.4375	0.010197
160	66.5625	40.4375	0.019116
161	66.6875	40.4375	0.024137
162	66.8125	40.4375	0.021848
163	66.9375	40.4375	0.014706
164	67.0625	40.4375	0.004085
165	62.0625	40.3125	0.000454
166	62.1875	40.3125	0.000540
167	62.3125	40.3125	0.000781
168	62.4375	40.3125	0.000380
169	62.5625	40.3125	0.000631
170	62.6875	40.3125	0.000070
171	62.8125	40.3125	0.000030
172	62.9375	40.3125	0.000043
173	63.0625	40.3125	0.000112
174	63.1875	40.3125	0.000160
175	63.3125	40.3125	0.000290
176	63.4375	40.3125	0.000395
177	63.5625	40.3125	0.000370
178	63.6875	40.3125	0.000374
179	65.1875	40.3125	0.002598
180	65.3125	40.3125	0.003839
181	65.4375	40.3125	0.006741
182	65.5625	40.3125	0.010484
183	65.6875	40.3125	0.015734
184	65.8125	40.3125	0.018617
185	65.9375	40.3125	0.018860
186	66.0625	40.3125	0.018864
187	66.1875	40.3125	0.020018
188	66.3125	40.3125	0.020370
189	66.4375	40.3125	0.017561
190	66.5625	40.3125	0.014201
191	66.6875	40.3125	0.010471
192	66.8125	40.3125	0.008585
193	66.9375	40.3125	0.006790
194	67.0625	40.3125	0.009084
195	67.1875	40.3125	0.014577
196	67.3125	40.3125	0.011157
197	67.4375	40.3125	0.017393
198	62.1875	40.1875	0.000287
199	62.3125	40.1875	0.000591
200	62.4375	40.1875	0.000353
201	62.5625	40.1875	0.000531
202	62.6875	40.1875	0.000194
203	62.8125	40.1875	0.000063
204	62.9375	40.1875	0.000031
205	63.0625	40.1875	0.000130
206	63.1875	40.1875	0.000184
207	63.3125	40.1875	0.000311
208	63.4375	40.1875	0.000413
209	63.5625	40.1875	0.000400
210	63.6875	40.1875	0.000378
211	63.8125	40.1875	0.000378
212	63.9375	40.1875	0.000435
213	64.6875	40.1875	0.001055
214	64.8125	40.1875	0.002160
215	64.9375	40.1875	0.003875
216	65.0625	40.1875	0.004316
217	65.1875	40.1875	0.004916
218	65.3125	40.1875	0.006446
219	65.4375	40.1875	0.006670
220	65.5625	40.1875	0.004376
221	65.6875	40.1875	0.001273
222	65.8125	40.1875	0.003196
223	65.9375	40.1875	0.004437
224	66.0625	40.1875	0.005961
225	66.1875	40.1875	0.008437
226	66.3125	40.1875	0.010774
227	66.4375	40.1875	0.011495
228	66.5625	40.1875	0.010014
229	66.6875	40.1875	0.007972
230	66.8125	40.1875	0.008761
231	66.9375	40.1875	0.006680
232	67.0625	40.1875	0.004416
233	67.1875	40.1875	0.008150
234	67.3125	40.1875	0.002556
235	67.4375	40.1875	0.011982
236	62.1875	40.0625	0.000477
237	62.3125	40.0625	0.000588
238	62.4375	40.0625	0.000267
239	62.5625	40.0625	0.000308
240	62.6875	40.0625	0.000189
241	62.8125	40.0625	0.000019
242	62.9375	40.0625	0.000057
243	63.0625	40.0625	0.000118
244	63.1875	40.0625	0.000154
245	63.3125	40.0625	0.000269
246	63.4375	40.0625	0.000437
247	63.5625	40.0625	0.000472
248	63.6875	40.0625	0.000416
249	63.8125	40.0625	0.000376
250	63.9375	40.0625	0.000464
251	64.0625	40.0625	0.000579
252	64.4375	40.0625	0.000763
253	64.5625	40.0625	0.000872
254	64.6875	40.0625	0.001211
255	64.8125	40.0625	0.002321
256	64.9375	40.0625	0.004998
257	65.0625	40.0625	0.006281
258	65.1875	40.0625	0.006045
259	65.3125	40.0625	0.006033
260	65.4375	40.0625	0.004495
261	65.5625	40.0625	0.002182
262	65.6875	40.0625	0.008176
263	65.8125	40.0625	0.012250
264	65.9375	40.0625	0.011580
265	66.0625	40.0625	0.007203
266	66.1875	40.0625	0.001876
267	66.3125	40.0625	0.002552
268	66.4375	40.0625	0.002154
269	66.5625	40.0625	0.001768
270	66.6875	40.0625	0.003132
271	66.8125	40.0625	0.005298
272	66.9375	40.0625	0.007193
273	67.0625	40.0625	0.010984
274	67.1875	40.0625	0.010019
275	67.3125	40.0625	0.005916
276	67.4375	40.0625	0.012120
277	62.1875	39.9375	0.000884
278	62.3125	39.9375	0.000794
279	62.4375	39.9375	0.000665
280	62.5625	39.9375	0.000379
281	62.6875	39.9375	0.000502
282	62.8125	39.9375	0.000326
283	62.9375	39.9375	0.000150
284	63.0625	39.9375	0.000107
285	63.1875	39.9375	0.000096
286	63.3125	39.9375	0.000181
287	63.4375	39.9375	0.000309
288	63.5625	39.9375	0.000626
289	63.6875	39.9375	0.000620
290	63.8125	39.9375	0.000307
291	63.9375	39.9375	0.000338
292	64.0625	39.9375	0.000503
293	64.1875	39.9375	0.000549
294	64.3125	39.9375	0.000651
295	64.4375	39.9375	0.000660
296	64.5625	39.9375	0.000560
297	64.6875	39.9375	0.000568
298	64.8125	39.9375	0.000730
299	64.9375	39.9375	0.003324
300	65.0625	39.9375	0.004425
301	65.1875	39.9375	0.005704
302	65.3125	39.9375	0.008119
303	65.4375	39.9375	0.009440
304	65.5625	39.9375	0.009426
305	65.6875	39.9375	0.007343
306	65.8125	39.9375	0.006555
307	65.9375	39.9375	0.006546
308	66.0625	39.9375	0.009839
309	66.1875	39.9375	0.004221
310	66.3125	39.9375	0.003742
311	66.4375	39.9375	0.004245
312	66.5625	39.9375	0.003955
313	66.6875	39.9375	0.003894
314	66.8125	39.9375	0.003788
315	66.9375	39.9375	0.004433
316	67.0625	39.9375	0.008945
317	67.1875	39.9375	0.012171
318	67.3125	39.9375	0.008019
319	67.4375	39.9375	0.001726
320	62.1875	39.8125	0.001193
321	62.3125	39.8125	0.000965
322	62.4375	39.8125	0.000511
323	62.5625	39.8125	0.000388
324	62.6875	39.8125	0.000170
325	62.8125	39.8125	0.000221
326	62.9375	39.8125	0.000315
327	63.0625	39.8125	0.000275
328	63.1875	39.8125	0.000153
329	63.3125	39.8125	0.000170
330	63.4375	39.8125	0.000048
331	63.5625	39.8125	0.000595
332	63.6875	39.8125	0.000815
333	63.8125	39.8125	0.000302
334	63.9375	39.8125	0.000222
335	64.0625	39.8125	0.000323
336	64.1875	39.8125	0.000433
337	64.3125	39.8125	0.000606
338	64.4375	39.8125	0.000483
339	64.5625	39.8125	0.000424
340	64.6875	39.8125	0.000902
341	64.8125	39.8125	0.001994
342	64.9375	39.8125	0.002914
343	65.0625	39.8125	0.001505
344	65.1875	39.8125	0.000911
345	65.3125	39.8125	0.002884
346	65.4375	39.8125	0.005600
347	65.5625	39.8125	0.010404
348	65.6875	39.8125	0.013286
349	65.8125	39.8125	0.014130
350	65.9375	39.8125	0.011789
351	66.0625	39.8125	0.008538
352	66.1875	39.8125	0.002763
353	66.3125	39.8125	0.004011
354	66.4375	39.8125	0.005746
355	66.5625	39.8125	0.006027
356	66.6875	39.8125	0.007590
357	66.8125	39.8125	0.007814
358	66.9375	39.8125	0.006256
359	67.0625	39.8125	0.004251
360	67.1875	39.8125	0.004393
361	67.3125	39.8125	0.005609
362	67.4375	39.8125	0.016356
363	67.5625	39.8125	0.037297
364	67.6875	39.8125	0.035255
365	71.6875	39.8125	0.012661
366	71.8125	39.8125	0.028258
367	72.5625	39.8125	0.046446
368	72.6875	39.8125	0.042050
369	72.8125	39.8125	0.033407
370	72.9375	39.8125	0.025537
371	73.0625	39.8125	0.017156
372	73.1875	39.8125	0.005904
373	73.3125	39.8125	0.009822
374	73.4375	39.8125	0.021759
375	73.5625	39.8125	0.014555
376	73.6875	39.8125	0.016110
377	62.1875	39.6875	0.001168
378	62.3125	39.6875	0.000472
379	62.4375	39.6875	0.000325
380	62.5625	39.6875	0.000349
381	62.6875	39.6875	0.000277
382	62.8125	39.6875	0.000171
383	62.9375	39.6875	0.000328
384	63.0625	39.6875	0.000540
385	63.1875	39.6875	0.000263
386	63.3125	39.6875	0.000126
387	63.4375	39.6875	0.000119
388	63.5625	39.6875	0.000425
389	63.6875	39.6875	0.000605
390	63.8125	39.6875	0.000443
391	63.9375	39.6875	0.000304
392	64.0625	39.6875	0.000279
393	64.1875	39.6875	0.000347
394	64.3125	39.6875	0.000580
395	64.4375	39.6875	0.000650
396	64.5625	39.6875	0.000906
397	64.6875	39.6875	0.001397
398	64.8125	39.6875	0.001883
399	64.9375	39.6875	0.001603
400	65.0625	39.6875	0.000071
401	65.1875	39.6875	0.000165
402	65.3125	39.6875	0.001224
403	65.4375	39.6875	0.002693
404	65.5625	39.6875	0.005007
405	65.6875	39.6875	0.007196
406	65.8125	39.6875	0.008970
407	65.9375	39.6875	0.009267
408	66.0625	39.6875	0.006790
409	66.1875	39.6875	0.003797
410	66.3125	39.6875	0.007587
411	66.4375	39.6875	0.015242
412	66.5625	39.6875	0.021042
413	66.6875	39.6875	0.026784
414	66.8125	39.6875	0.027692
415	66.9375	39.6875	0.022216
416	67.0625	39.6875	0.011823
417	67.1875	39.6875	0.007067
418	67.3125	39.6875	0.010780
419	67.4375	39.6875	0.022126
420	67.5625	39.6875	0.029141
421	67.6875	39.6875	0.023136
422	67.8125	39.6875	0.022586
423	67.9375	39.6875	0.019261
424	71.5625	39.6875	0.031215
425	71.6875	39.6875	0.045575
426	71.8125	39.6875	0.038844
427	71.9375	39.6875	0.027954
428	72.0625	39.6875	0.018281
429	72.1875	39.6875	0.016081
430	72.3125	39.6875	0.012680
431	72.4375	39.6875	0.006962
432	72.5625	39.6875	0.010713
433	72.6875	39.6875	0.023119
434	72.8125	39.6875	0.037276
435	72.9375	39.6875	0.046019
436	73.0625	39.6875	0.045235
437	73.1875	39.6875	0.039104
438	73.3125	39.6875	0.043831
439	73.4375	39.6875	0.054941
440	73.5625	39.6875	0.051108
441	73.6875	39.6875	0.046035
442	62.3125	39.5625	0.000186
443	62.4375	39.5625	0.000390
444	62.5625	39.5625	0.000320
445	62.6875	39.5625	0.000138
446	62.8125	39.5625	0.000230
447	62.9375	39.5625	0.000416
448	63.0625	39.5625	0.000632
449	63.1875	39.5625	0.000095
450	63.3125	39.5625	0.000013
451	63.4375	39.5625	0.000213
452	63.5625	39.5625	0.000238
453	63.6875	39.5625	0.000269
454	63.8125	39.5625	0.000391
455	63.9375	39.5625	0.000693
456	64.0625	39.5625	0.001027
457	64.1875	39.5625	0.001038
458	64.3125	39.5625	0.000934
459	64.4375	39.5625	0.000927
460	64.5625	39.5625	0.000915
461	64.6875	39.5625	0.001127
462	64.8125	39.5625	0.001476
463	64.9375	39.5625	0.001295
464	65.0625	39.5625	0.000518
465	65.1875	39.5625	0.000554
466	65.3125	39.5625	0.001086
467	65.4375	39.5625	0.001212
468	65.5625	39.5625	0.001881
469	65.6875	39.5625	0.002521
470	65.8125	39.5625	0.002614
471	65.9375	39.5625	0.003056
472	66.0625	39.5625	0.003597
473	66.1875	39.5625	0.005001
474	66.3125	39.5625	0.011105
475	66.4375	39.5625	0.020726
476	66.5625	39.5625	0.018237
477	66.6875	39.5625	0.015968
478	66.8125	39.5625	0.015740
479	66.9375	39.5625	0.026128
480	67.0625	39.5625	0.029316
481	67.1875	39.5625	0.032720
482	67.3125	39.5625	0.035734
483	67.4375	39.5625	0.038673
484	67.5625	39.5625	0.028104
485	67.6875	39.5625	0.016206
486	67.8125	39.5625	0.022169
487	67.9375	39.5625	0.018752
488	68.0625	39.5625	0.022142
489	68.1875	39.5625	0.029287
490	68.3125	39.5625	0.019815
491	68.4375	39.5625	0.007194
492	68.5625	39.5625	0.014944
493	68.6875	39.5625	0.023081
494	68.8125	39.5625	0.008661
495	69.1875	39.5625	0.008719
496	69.3125	39.5625	0.010209
497	69.4375	39.5625	0.009627
498	69.5625	39.5625	0.012669
499	69.6875	39.5625	0.007225
500	69.8125	39.5625	0.006330
501	69.9375	39.5625	0.014326
502	70.0625	39.5625	0.019332
503	70.1875	39.5625	0.024070
504	70.3125	39.5625	0.030697
505	70.4375	39.5625	0.031694
506	70.5625	39.5625	0.035796
507	70.6875	39.5625	0.032881
508	71.0625	39.5625	0.013692
509	71.1875	39.5625	0.029502
510	71.3125	39.5625	0.043833
511	71.4375	39.5625	0.048037
512	71.5625	39.5625	0.046519
513	71.6875	39.5625	0.017303
514	71.8125	39.5625	0.026458
515	71.9375	39.5625	0.049374
516	72.0625	39.5625	0.053137
517	72.1875	39.5625	0.051042
518	72.3125	39.5625	0.051641
519	72.4375	39.5625	0.060366
520	72.5625	39.5625	0.062884
521	72.6875	39.5625	0.066814
522	72.8125	39.5625	0.077930
523	72.9375	39.5625	0.081741
524	73.0625	39.5625	0.074485
525	73.1875	39.5625	0.056273
526	73.3125	39.5625	0.034843
527	73.4375	39.5625	0.035321
528	73.5625	39.5625	0.017972
529	73.6875	39.5625	0.024061
530	62.3125	39.4375	0.000203
531	62.4375	39.4375	0.000350
532	62.5625	39.4375	0.000444
533	62.6875	39.4375	0.000262
534	62.8125	39.4375	0.000165
535	62.9375	39.4375	0.000305
536	63.0625	39.4375	0.000644
537	63.1875	39.4375	0.000287
538	63.3125	39.4375	0.000099
539	63.4375	39.4375	0.000255
540	63.5625	39.4375	0.000194
541	63.6875	39.4375	0.000181
542	63.8125	39.4375	0.000341
543	63.9375	39.4375	0.000933
544	64.0625	39.4375	0.002061
545	64.1875	39.4375	0.001544
546	64.3125	39.4375	0.001461
547	64.4375	39.4375	0.001242
548	64.5625	39.4375	0.000917
549	64.6875	39.4375	0.001009
550	64.8125	39.4375	0.001018
551	64.9375	39.4375	0.001082
552	65.0625	39.4375	0.001059
553	65.1875	39.4375	0.001118
554	65.3125	39.4375	0.001137
555	65.4375	39.4375	0.001121
556	65.5625	39.4375	0.001500
557	65.6875	39.4375	0.002521
558	65.8125	39.4375	0.002904
559	65.9375	39.4375	0.002525
560	66.0625	39.4375	0.003091
561	66.1875	39.4375	0.004917
562	66.3125	39.4375	0.010367
563	66.4375	39.4375	0.017656
564	66.5625	39.4375	0.021547
565	66.6875	39.4375	0.030414
566	66.8125	39.4375	0.030225
567	66.9375	39.4375	0.014539
568	67.0625	39.4375	0.008998
569	67.1875	39.4375	0.024825
570	67.3125	39.4375	0.034944
571	67.4375	39.4375	0.042213
572	67.5625	39.4375	0.042616
573	67.6875	39.4375	0.046805
574	67.8125	39.4375	0.056050
575	67.9375	39.4375	0.053162
576	68.0625	39.4375	0.057581
577	68.1875	39.4375	0.069038
578	68.3125	39.4375	0.048935
579	68.4375	39.4375	0.039311
580	68.5625	39.4375	0.011350
581	68.6875	39.4375	0.027929
582	68.8125	39.4375	0.010488
583	68.9375	39.4375	0.011282
584	69.0625	39.4375	0.016036
585	69.1875	39.4375	0.018471
586	69.3125	39.4375	0.015848
587	69.4375	39.4375	0.016703
588	69.5625	39.4375	0.022207
589	69.6875	39.4375	0.020069
590	69.8125	39.4375	0.017251
591	69.9375	39.4375	0.009487
592	70.0625	39.4375	0.015606
593	70.1875	39.4375	0.034110
594	70.3125	39.4375	0.034791
595	70.4375	39.4375	0.029121
596	70.5625	39.4375	0.029424
597	70.6875	39.4375	0.039505
598	70.8125	39.4375	0.053146
599	70.9375	39.4375	0.057262
600	71.0625	39.4375	0.048248
601	71.1875	39.4375	0.044718
602	71.3125	39.4375	0.033939
603	71.4375	39.4375	0.031423
604	71.5625	39.4375	0.021099
605	71.6875	39.4375	0.040197
606	71.8125	39.4375	0.051477
607	71.9375	39.4375	0.034901
608	72.0625	39.4375	0.018397
609	72.1875	39.4375	0.019092
610	72.3125	39.4375	0.016924
611	72.4375	39.4375	0.032507
612	72.5625	39.4375	0.031294
613	72.6875	39.4375	0.037923
614	72.8125	39.4375	0.039056
615	72.9375	39.4375	0.016334
616	73.0625	39.4375	0.023917
617	73.1875	39.4375	0.037361
618	73.3125	39.4375	0.009725
619	73.4375	39.4375	0.025798
620	73.5625	39.4375	0.013530
621	62.3125	39.3125	0.000274
622	62.4375	39.3125	0.000338
623	62.5625	39.3125	0.000425
624	62.6875	39.3125	0.000255
625	62.8125	39.3125	0.000166
626	62.9375	39.3125	0.000296
627	63.0625	39.3125	0.000369
628	63.1875	39.3125	0.000385
629	63.3125	39.3125	0.000220
630	63.4375	39.3125	0.000184
631	63.5625	39.3125	0.000151
632	63.6875	39.3125	0.000147
633	63.8125	39.3125	0.000286
634	63.9375	39.3125	0.000113
635	64.0625	39.3125	0.001997
636	64.1875	39.3125	0.002743
637	64.3125	39.3125	0.001541
638	64.4375	39.3125	0.001123
639	64.5625	39.3125	0.001491
640	64.6875	39.3125	0.001346
641	64.8125	39.3125	0.001119
642	64.9375	39.3125	0.001065
643	65.0625	39.3125	0.001166
644	65.1875	39.3125	0.001235
645	65.3125	39.3125	0.001239
646	65.4375	39.3125	0.001229
647	65.5625	39.3125	0.001508
648	65.6875	39.3125	0.002368
649	65.8125	39.3125	0.002877
650	65.9375	39.3125	0.002499
651	66.0625	39.3125	0.002728
652	66.1875	39.3125	0.003687
653	66.3125	39.3125	0.006186
654	66.4375	39.3125	0.008841
655	66.5625	39.3125	0.009791
656	66.6875	39.3125	0.016059
657	66.8125	39.3125	0.025776
658	66.9375	39.3125	0.028519
659	67.0625	39.3125	0.032506
660	67.1875	39.3125	0.033604
661	67.3125	39.3125	0.027781
662	67.4375	39.3125	0.037656
663	67.5625	39.3125	0.042532
664	67.6875	39.3125	0.049314
665	67.8125	39.3125	0.050757
666	67.9375	39.3125	0.040605
667	68.0625	39.3125	0.039657
668	68.1875	39.3125	0.027924
669	68.3125	39.3125	0.024507
670	68.4375	39.3125	0.027113
671	68.5625	39.3125	0.021064
672	68.6875	39.3125	0.018927
673	68.8125	39.3125	0.008213
674	68.9375	39.3125	0.017813
675	69.0625	39.3125	0.016070
676	69.1875	39.3125	0.006489
677	69.3125	39.3125	0.010104
678	69.4375	39.3125	0.017135
679	69.5625	39.3125	0.024029
680	69.6875	39.3125	0.010302
681	69.8125	39.3125	0.017698
682	69.9375	39.3125	0.032090
683	70.0625	39.3125	0.060149
684	70.1875	39.3125	0.051361
685	70.3125	39.3125	0.044455
686	70.4375	39.3125	0.046809
687	70.5625	39.3125	0.046638
688	70.6875	39.3125	0.042639
689	70.8125	39.3125	0.025045
690	70.9375	39.3125	0.031511
691	71.0625	39.3125	0.006342
692	71.1875	39.3125	0.012204
693	71.3125	39.3125	0.038691
694	71.4375	39.3125	0.047021
695	71.5625	39.3125	0.048713
696	71.6875	39.3125	0.056334
697	71.8125	39.3125	0.039270
698	71.9375	39.3125	0.011871
699	72.0625	39.3125	0.007722
700	72.1875	39.3125	0.021334
701	72.3125	39.3125	0.003678
702	72.4375	39.3125	0.032230
703	72.5625	39.3125	0.023080
704	72.6875	39.3125	0.026196
705	72.8125	39.3125	0.020142
706	72.9375	39.3125	0.022068
707	73.0625	39.3125	0.025182
708	73.1875	39.3125	0.034223
709	73.3125	39.3125	0.025917
710	62.4375	39.1875	0.000305
711	62.5625	39.1875	0.000188
712	62.6875	39.1875	0.000168
713	62.8125	39.1875	0.000410
714	62.9375	39.1875	0.000436
715	63.0625	39.1875	0.000467
716	63.1875	39.1875	0.000512
717	63.3125	39.1875	0.000362
718	63.4375	39.1875	0.000400
719	63.5625	39.1875	0.000394
720	63.6875	39.1875	0.000388
721	63.8125	39.1875	0.000412
722	63.9375	39.1875	0.000605
723	64.0625	39.1875	0.000614
724	64.1875	39.1875	0.002004
725	64.3125	39.1875	0.003037
726	64.4375	39.1875	0.001703
727	64.5625	39.1875	0.000379
728	64.6875	39.1875	0.000492
729	64.8125	39.1875	0.000672
730	64.9375	39.1875	0.000722
731	65.0625	39.1875	0.001125
732	65.1875	39.1875	0.001260
733	65.3125	39.1875	0.001247
734	65.4375	39.1875	0.001256
735	65.5625	39.1875	0.001474
736	65.6875	39.1875	0.002230
737	65.8125	39.1875	0.002909
738	65.9375	39.1875	0.002598
739	66.0625	39.1875	0.002290
740	66.1875	39.1875	0.002471
741	66.3125	39.1875	0.003030
742	66.4375	39.1875	0.003782
743	66.5625	39.1875	0.004025
744	66.6875	39.1875	0.005556
745	66.8125	39.1875	0.009293
746	66.9375	39.1875	0.016897
747	67.0625	39.1875	0.031577
748	67.1875	39.1875	0.040947
749	67.3125	39.1875	0.048815
750	67.4375	39.1875	0.059186
751	67.5625	39.1875	0.033765
752	67.6875	39.1875	0.011614
753	67.8125	39.1875	0.013690
754	67.9375	39.1875	0.003257
755	68.0625	39.1875	0.013694
756	68.1875	39.1875	0.001575
757	68.3125	39.1875	0.023274
758	68.4375	39.1875	0.023274
759	68.5625	39.1875	0.030659
760	68.6875	39.1875	0.024243
761	68.8125	39.1875	0.011611
762	68.9375	39.1875	0.032148
763	69.0625	39.1875	0.007088
764	69.1875	39.1875	0.030661
765	69.3125	39.1875	0.025569
766	69.4375	39.1875	0.024323
767	69.5625	39.1875	0.026230
768	69.6875	39.1875	0.030527
769	69.8125	39.1875	0.035714
770	69.9375	39.1875	0.058521
771	70.0625	39.1875	0.065875
772	70.1875	39.1875	0.023109
773	70.3125	39.1875	0.021278
774	70.4375	39.1875	0.008215
775	70.5625	39.1875	0.012426
776	70.6875	39.1875	0.028190
777	70.8125	39.1875	0.035757
778	70.9375	39.1875	0.033100
779	71.0625	39.1875	0.034103
780	71.1875	39.1875	0.050429
781	71.3125	39.1875	0.059509
782	71.4375	39.1875	0.045211
783	71.5625	39.1875	0.038683
784	71.6875	39.1875	0.050856
785	71.8125	39.1875	0.046591
786	71.9375	39.1875	0.041629
787	72.0625	39.1875	0.040862
788	72.1875	39.1875	0.047314
789	72.3125	39.1875	0.027155
790	72.4375	39.1875	0.037066
791	72.5625	39.1875	0.019649
792	72.6875	39.1875	0.018322
793	72.8125	39.1875	0.013290
794	72.9375	39.1875	0.008393
795	62.5625	39.0625	0.000139
796	62.6875	39.0625	0.000313
797	62.8125	39.0625	0.000393
798	62.9375	39.0625	0.000365
799	63.0625	39.0625	0.000362
800	63.1875	39.0625	0.000338
801	63.3125	39.0625	0.000271
802	63.4375	39.0625	0.000303
803	63.5625	39.0625	0.000360
804	63.6875	39.0625	0.000353
805	63.8125	39.0625	0.000239
806	63.9375	39.0625	0.000352
807	64.0625	39.0625	0.000748
808	64.1875	39.0625	0.001474
809	64.3125	39.0625	0.002648
810	64.4375	39.0625	0.001843
811	64.8125	39.0625	0.000763
812	64.9375	39.0625	0.000759
813	65.0625	39.0625	0.001033
814	65.1875	39.0625	0.001117
815	65.3125	39.0625	0.001231
816	65.4375	39.0625	0.001294
817	65.5625	39.0625	0.001452
818	65.6875	39.0625	0.002134
819	65.8125	39.0625	0.002630
820	65.9375	39.0625	0.002174
821	66.0625	39.0625	0.001909
822	66.1875	39.0625	0.001935
823	66.3125	39.0625	0.002293
824	66.4375	39.0625	0.003557
825	66.5625	39.0625	0.007351
826	66.6875	39.0625	0.016351
827	66.8125	39.0625	0.029190
828	66.9375	39.0625	0.038621
829	67.0625	39.0625	0.042441
830	67.1875	39.0625	0.047679
831	67.3125	39.0625	0.063436
832	67.4375	39.0625	0.052747
833	67.5625	39.0625	0.012482
834	67.6875	39.0625	0.039653
835	67.8125	39.0625	0.050259
836	67.9375	39.0625	0.038158
837	68.0625	39.0625	0.030411
838	68.1875	39.0625	0.013315
839	68.3125	39.0625	0.019882
840	68.4375	39.0625	0.023843
841	68.5625	39.0625	0.029521
842	68.6875	39.0625	0.057366
843	68.8125	39.0625	0.037748
844	68.9375	39.0625	0.055593
845	69.0625	39.0625	0.034694
846	69.1875	39.0625	0.050444
847	69.3125	39.0625	0.032744
848	69.4375	39.0625	0.039474
849	69.5625	39.0625	0.039179
850	69.6875	39.0625	0.047582
851	69.8125	39.0625	0.056363
852	69.9375	39.0625	0.052221
853	70.0625	39.0625	0.027305
854	70.1875	39.0625	0.020574
855	70.3125	39.0625	0.028834
856	70.4375	39.0625	0.035055
857	70.5625	39.0625	0.035967
858	70.6875	39.0625	0.018964
859	70.8125	39.0625	0.010578
860	70.9375	39.0625	0.017124
861	71.0625	39.0625	0.029657
862	71.1875	39.0625	0.028839
863	71.3125	39.0625	0.022404
864	71.4375	39.0625	0.015454
865	71.5625	39.0625	0.015309
866	71.6875	39.0625	0.039920
867	71.8125	39.0625	0.027027
868	71.9375	39.0625	0.021249
869	72.0625	39.0625	0.003209
870	72.1875	39.0625	0.032186
871	72.3125	39.0625	0.023172
872	72.4375	39.0625	0.037020
873	72.5625	39.0625	0.021985
874	72.6875	39.0625	0.009019
875	72.8125	39.0625	0.011945
876	72.9375	39.0625	0.004426
877	62.8125	38.9375	0.000322
878	62.9375	38.9375	0.000266
879	63.0625	38.9375	0.000237
880	63.1875	38.9375	0.000229
881	63.3125	38.9375	0.000248
882	63.4375	38.9375	0.000299
883	63.5625	38.9375	0.000320
884	63.6875	38.9375	0.000355
885	63.8125	38.9375	0.000358
886	63.9375	38.9375	0.000269
887	64.0625	38.9375	0.000599
888	64.1875	38.9375	0.000891
889	64.3125	38.9375	0.001556
890	64.4375	38.9375	0.001372
891	64.5625	38.9375	0.001294
892	64.6875	38.9375	0.001065
893	64.8125	38.9375	0.000588
894	64.9375	38.9375	0.001099
895	65.0625	38.9375	0.000807
896	65.1875	38.9375	0.000860
897	65.3125	38.9375	0.001263
898	65.4375	38.9375	0.001400
899	65.5625	38.9375	0.001650
900	65.6875	38.9375	0.002213
901	65.8125	38.9375	0.002465
902	65.9375	38.9375	0.002121
903	66.0625	38.9375	0.001860
904	66.1875	38.9375	0.001752
905	66.3125	38.9375	0.003682
906	66.4375	38.9375	0.009073
907	66.5625	38.9375	0.018987
908	66.6875	38.9375	0.035913
909	66.8125	38.9375	0.052335
910	66.9375	38.9375	0.051557
911	67.0625	38.9375	0.043466
912	67.1875	38.9375	0.044931
913	67.3125	38.9375	0.053090
914	67.4375	38.9375	0.027480
915	67.5625	38.9375	0.037507
916	67.6875	38.9375	0.049773
917	67.8125	38.9375	0.038179
918	67.9375	38.9375	0.045152
919	68.0625	38.9375	0.040574
920	68.1875	38.9375	0.055347
921	68.3125	38.9375	0.060253
922	68.4375	38.9375	0.061788
923	68.5625	38.9375	0.070070
924	68.6875	38.9375	0.069394
925	68.8125	38.9375	0.042524
926	68.9375	38.9375	0.053674
927	69.0625	38.9375	0.047630
928	69.1875	38.9375	0.050580
929	69.3125	38.9375	0.028650
930	69.4375	38.9375	0.029341
931	69.5625	38.9375	0.027374
932	69.6875	38.9375	0.039243
933	69.8125	38.9375	0.031882
934	69.9375	38.9375	0.008504
935	70.0625	38.9375	0.017736
936	70.1875	38.9375	0.020900
937	70.3125	38.9375	0.022793
938	70.4375	38.9375	0.033946
939	70.5625	38.9375	0.029467
940	70.6875	38.9375	0.026518
941	70.8125	38.9375	0.017769
942	70.9375	38.9375	0.030394
943	71.0625	38.9375	0.025648
944	71.1875	38.9375	0.005465
945	71.3125	38.9375	0.021206
946	71.4375	38.9375	0.007678
947	71.5625	38.9375	0.010474
948	71.6875	38.9375	0.028848
949	71.8125	38.9375	0.028064
950	71.9375	38.9375	0.044357
951	72.0625	38.9375	0.040790
952	72.1875	38.9375	0.011537
953	72.3125	38.9375	0.027253
954	72.4375	38.9375	0.005103
955	72.5625	38.9375	0.016787
956	72.6875	38.9375	0.013385
957	72.8125	38.9375	0.013373
958	72.9375	38.9375	0.014962
959	73.0625	38.9375	0.022480
960	62.6875	38.8125	0.000292
961	62.8125	38.8125	0.000293
962	62.9375	38.8125	0.000249
963	63.0625	38.8125	0.000243
964	63.1875	38.8125	0.000238
965	63.3125	38.8125	0.000264
966	63.4375	38.8125	0.000312
967	63.5625	38.8125	0.000282
968	63.6875	38.8125	0.000250
969	63.8125	38.8125	0.000281
970	63.9375	38.8125	0.000255
971	64.0625	38.8125	0.000396
972	64.1875	38.8125	0.000690
973	64.3125	38.8125	0.000961
974	64.4375	38.8125	0.001218
975	64.5625	38.8125	0.002166
976	64.6875	38.8125	0.001362
977	64.8125	38.8125	0.000522
978	64.9375	38.8125	0.000822
979	65.0625	38.8125	0.000662
980	65.1875	38.8125	0.000812
981	65.3125	38.8125	0.001246
982	65.4375	38.8125	0.001514
983	65.5625	38.8125	0.001717
984	65.6875	38.8125	0.002367
985	65.8125	38.8125	0.003012
986	65.9375	38.8125	0.003552
987	66.0625	38.8125	0.004172
988	66.1875	38.8125	0.005162
989	66.3125	38.8125	0.008777
990	66.4375	38.8125	0.015187
991	66.5625	38.8125	0.023135
992	66.6875	38.8125	0.037191
993	66.8125	38.8125	0.044450
994	66.9375	38.8125	0.027333
995	67.0625	38.8125	0.016050
996	67.1875	38.8125	0.028119
997	67.3125	38.8125	0.029264
998	67.4375	38.8125	0.019389
999	67.5625	38.8125	0.046476
1000	67.6875	38.8125	0.057049
1001	67.8125	38.8125	0.025685
1002	67.9375	38.8125	0.051446
1003	68.0625	38.8125	0.066956
1004	68.1875	38.8125	0.074102
1005	68.3125	38.8125	0.065751
1006	68.4375	38.8125	0.062246
1007	68.5625	38.8125	0.061782
1008	68.6875	38.8125	0.051325
1009	68.8125	38.8125	0.041979
1010	68.9375	38.8125	0.050793
1011	69.0625	38.8125	0.055106
1012	69.1875	38.8125	0.046135
1013	69.3125	38.8125	0.030606
1014	69.4375	38.8125	0.023668
1015	69.5625	38.8125	0.014002
1016	69.6875	38.8125	0.022364
1017	69.8125	38.8125	0.000909
1018	69.9375	38.8125	0.021992
1019	70.0625	38.8125	0.020118
1020	70.1875	38.8125	0.009392
1021	70.3125	38.8125	0.010183
1022	70.4375	38.8125	0.020393
1023	70.5625	38.8125	0.016221
1024	70.6875	38.8125	0.021883
1025	70.8125	38.8125	0.027620
1026	70.9375	38.8125	0.034630
1027	71.0625	38.8125	0.016107
1028	71.1875	38.8125	0.017296
1029	71.3125	38.8125	0.031886
1030	71.4375	38.8125	0.036873
1031	71.5625	38.8125	0.022215
1032	71.6875	38.8125	0.013319
1033	71.8125	38.8125	0.026357
1034	71.9375	38.8125	0.022121
1035	72.0625	38.8125	0.027732
1036	72.1875	38.8125	0.041398
1037	72.3125	38.8125	0.034691
1038	72.4375	38.8125	0.021187
1039	72.5625	38.8125	0.026929
1040	72.6875	38.8125	0.021070
1041	72.8125	38.8125	0.023757
1042	72.9375	38.8125	0.024363
1043	73.0625	38.8125	0.022469
1044	73.1875	38.8125	0.010884
1045	62.6875	38.6875	0.000252
1046	62.8125	38.6875	0.000268
1047	62.9375	38.6875	0.000245
1048	63.0625	38.6875	0.000251
1049	63.1875	38.6875	0.000265
1050	63.3125	38.6875	0.000260
1051	63.4375	38.6875	0.000269
1052	63.5625	38.6875	0.000253
1053	63.6875	38.6875	0.000258
1054	63.8125	38.6875	0.000230
1055	63.9375	38.6875	0.000335
1056	64.0625	38.6875	0.000240
1057	64.1875	38.6875	0.000429
1058	64.3125	38.6875	0.000846
1059	64.4375	38.6875	0.001262
1060	64.5625	38.6875	0.002044
1061	64.6875	38.6875	0.001977
1062	64.8125	38.6875	0.000787
1063	64.9375	38.6875	0.000477
1064	65.0625	38.6875	0.000462
1065	65.1875	38.6875	0.000691
1066	65.3125	38.6875	0.001507
1067	65.4375	38.6875	0.002423
1068	65.5625	38.6875	0.002957
1069	65.6875	38.6875	0.003296
1070	65.8125	38.6875	0.004071
1071	65.9375	38.6875	0.005566
1072	66.0625	38.6875	0.006859
1073	66.1875	38.6875	0.009737
1074	66.3125	38.6875	0.013393
1075	66.4375	38.6875	0.016482
1076	66.5625	38.6875	0.020998
1077	66.6875	38.6875	0.031245
1078	66.8125	38.6875	0.034805
1079	66.9375	38.6875	0.028674
1080	67.0625	38.6875	0.021615
1081	67.1875	38.6875	0.025947
1082	67.3125	38.6875	0.016103
1083	67.4375	38.6875	0.025815
1084	67.5625	38.6875	0.036102
1085	67.6875	38.6875	0.057573
1086	67.8125	38.6875	0.040566
1087	67.9375	38.6875	0.049153
1088	68.0625	38.6875	0.053742
1089	68.1875	38.6875	0.042257
1090	68.3125	38.6875	0.032129
1091	68.4375	38.6875	0.026594
1092	68.5625	38.6875	0.025518
1093	68.6875	38.6875	0.018952
1094	68.8125	38.6875	0.022516
1095	68.9375	38.6875	0.025531
1096	69.0625	38.6875	0.021786
1097	69.1875	38.6875	0.020034
1098	69.3125	38.6875	0.032678
1099	69.4375	38.6875	0.035729
1100	69.5625	38.6875	0.022202
1101	69.6875	38.6875	0.017027
1102	69.8125	38.6875	0.011557
1103	69.9375	38.6875	0.020417
1104	70.0625	38.6875	0.028840
1105	70.1875	38.6875	0.020125
1106	70.3125	38.6875	0.021241
1107	70.4375	38.6875	0.039974
1108	70.5625	38.6875	0.026734
1109	70.6875	38.6875	0.018364
1110	70.8125	38.6875	0.030006
1111	70.9375	38.6875	0.049625
1112	71.0625	38.6875	0.051768
1113	71.1875	38.6875	0.034082
1114	71.3125	38.6875	0.021285
1115	71.4375	38.6875	0.018312
1116	71.5625	38.6875	0.042288
1117	71.6875	38.6875	0.028353
1118	71.8125	38.6875	0.015149
1119	71.9375	38.6875	0.021656
1120	72.0625	38.6875	0.033714
1121	72.1875	38.6875	0.047222
1122	72.3125	38.6875	0.026338
1123	72.4375	38.6875	0.032587
1124	72.5625	38.6875	0.037565
1125	72.6875	38.6875	0.014270
1126	72.8125	38.6875	0.001909
1127	72.9375	38.6875	0.004829
1128	73.0625	38.6875	0.001924
1129	73.1875	38.6875	0.036540
1130	73.3125	38.6875	0.025194
1131	73.4375	38.6875	0.016202
1132	73.5625	38.6875	0.019047
1133	73.6875	38.6875	0.012261
1134	74.0625	38.6875	0.013025
1135	74.1875	38.6875	0.018266
1136	74.3125	38.6875	0.021280
1137	74.4375	38.6875	0.022482
1138	74.5625	38.6875	0.020195
1139	62.6875	38.5625	0.000204
1140	62.8125	38.5625	0.000223
1141	62.9375	38.5625	0.000243
1142	63.0625	38.5625	0.000255
1143	63.1875	38.5625	0.000282
1144	63.3125	38.5625	0.000269
1145	63.4375	38.5625	0.000254
1146	63.5625	38.5625	0.000263
1147	63.6875	38.5625	0.000282
1148	63.8125	38.5625	0.000230
1149	63.9375	38.5625	0.000223
1150	64.0625	38.5625	0.000303
1151	64.1875	38.5625	0.000224
1152	64.3125	38.5625	0.000650
1153	64.4375	38.5625	0.001062
1154	64.5625	38.5625	0.001152
1155	64.6875	38.5625	0.001966
1156	64.8125	38.5625	0.001881
1157	64.9375	38.5625	0.001233
1158	65.0625	38.5625	0.000917
1159	65.1875	38.5625	0.000922
1160	65.3125	38.5625	0.002031
1161	65.4375	38.5625	0.003261
1162	65.5625	38.5625	0.003911
1163	65.6875	38.5625	0.003735
1164	65.8125	38.5625	0.004895
1165	65.9375	38.5625	0.007869
1166	66.0625	38.5625	0.009639
1167	66.1875	38.5625	0.012409
1168	66.3125	38.5625	0.012555
1169	66.4375	38.5625	0.012203
1170	66.5625	38.5625	0.018038
1171	66.6875	38.5625	0.025277
1172	66.8125	38.5625	0.023490
1173	66.9375	38.5625	0.022560
1174	67.0625	38.5625	0.026020
1175	67.1875	38.5625	0.026516
1176	67.3125	38.5625	0.020294
1177	67.4375	38.5625	0.024778
1178	67.5625	38.5625	0.035826
1179	67.6875	38.5625	0.067026
1180	67.8125	38.5625	0.041523
1181	67.9375	38.5625	0.024352
1182	68.0625	38.5625	0.015444
1183	68.1875	38.5625	0.010792
1184	68.3125	38.5625	0.012149
1185	68.4375	38.5625	0.006405
1186	68.5625	38.5625	0.010585
1187	68.6875	38.5625	0.011627
1188	68.8125	38.5625	0.009880
1189	68.9375	38.5625	0.001460
1190	69.0625	38.5625	0.010661
1191	69.1875	38.5625	0.007180
1192	69.3125	38.5625	0.017854
1193	69.4375	38.5625	0.029756
1194	69.5625	38.5625	0.026728
1195	69.6875	38.5625	0.025031
1196	69.8125	38.5625	0.020563
1197	69.9375	38.5625	0.019106
1198	70.0625	38.5625	0.024245
1199	70.1875	38.5625	0.032492
1200	70.3125	38.5625	0.038423
1201	70.4375	38.5625	0.025208
1202	70.5625	38.5625	0.024346
1203	70.6875	38.5625	0.032849
1204	70.8125	38.5625	0.004292
1205	70.9375	38.5625	0.020584
1206	71.0625	38.5625	0.027450
1207	71.1875	38.5625	0.039871
1208	71.3125	38.5625	0.051399
1209	71.4375	38.5625	0.046578
1210	71.5625	38.5625	0.024401
1211	71.6875	38.5625	0.012793
1212	71.8125	38.5625	0.028985
1213	71.9375	38.5625	0.022414
1214	72.0625	38.5625	0.026801
1215	72.1875	38.5625	0.029297
1216	72.3125	38.5625	0.052482
1217	72.4375	38.5625	0.062522
1218	72.5625	38.5625	0.034535
1219	72.6875	38.5625	0.012878
1220	72.8125	38.5625	0.012588
1221	72.9375	38.5625	0.017943
1222	73.0625	38.5625	0.010701
1223	73.1875	38.5625	0.033080
1224	73.3125	38.5625	0.018398
1225	73.4375	38.5625	0.009133
1226	73.5625	38.5625	0.009370
1227	73.6875	38.5625	0.011214
1228	73.8125	38.5625	0.017468
1229	73.9375	38.5625	0.020848
1230	74.0625	38.5625	0.011858
1231	74.1875	38.5625	0.000533
1232	74.3125	38.5625	0.007375
1233	74.4375	38.5625	0.011857
1234	74.5625	38.5625	0.013024
1235	74.6875	38.5625	0.012971
1236	74.8125	38.5625	0.007697
1237	62.9375	38.4375	0.000241
1238	63.0625	38.4375	0.000265
1239	63.1875	38.4375	0.000286
1240	63.3125	38.4375	0.000290
1241	63.4375	38.4375	0.000278
1242	63.5625	38.4375	0.000287
1243	63.6875	38.4375	0.000285
1244	63.8125	38.4375	0.000236
1245	63.9375	38.4375	0.000205
1246	64.0625	38.4375	0.000299
1247	64.1875	38.4375	0.000403
1248	64.3125	38.4375	0.000408
1249	64.4375	38.4375	0.000611
1250	64.5625	38.4375	0.000576
1251	64.6875	38.4375	0.001039
1252	64.8125	38.4375	0.001640
1253	64.9375	38.4375	0.001885
1254	65.0625	38.4375	0.001912
1255	65.1875	38.4375	0.001368
1256	65.3125	38.4375	0.002183
1257	65.4375	38.4375	0.003205
1258	65.5625	38.4375	0.003841
1259	65.6875	38.4375	0.004114
1260	65.8125	38.4375	0.005525
1261	65.9375	38.4375	0.009378
1262	66.0625	38.4375	0.010562
1263	66.1875	38.4375	0.011345
1264	66.3125	38.4375	0.011344
1265	66.4375	38.4375	0.014250
1266	66.5625	38.4375	0.022187
1267	66.6875	38.4375	0.023438
1268	66.8125	38.4375	0.010497
1269	66.9375	38.4375	0.014538
1270	67.0625	38.4375	0.030851
1271	67.1875	38.4375	0.037911
1272	67.3125	38.4375	0.049497
1273	67.4375	38.4375	0.052670
1274	67.5625	38.4375	0.057896
1275	67.6875	38.4375	0.059983
1276	67.8125	38.4375	0.027806
1277	67.9375	38.4375	0.004769
1278	68.0625	38.4375	0.013403
1279	68.1875	38.4375	0.020403
1280	68.3125	38.4375	0.009458
1281	68.4375	38.4375	0.006774
1282	68.5625	38.4375	0.005200
1283	68.6875	38.4375	0.004705
1284	68.8125	38.4375	0.011244
1285	68.9375	38.4375	0.015975
1286	69.0625	38.4375	0.021458
1287	69.1875	38.4375	0.006247
1288	69.3125	38.4375	0.004595
1289	69.4375	38.4375	0.016210
1290	69.5625	38.4375	0.017340
1291	69.6875	38.4375	0.014103
1292	69.8125	38.4375	0.016896
1293	69.9375	38.4375	0.017375
1294	70.0625	38.4375	0.032269
1295	70.1875	38.4375	0.045977
1296	70.3125	38.4375	0.031773
1297	70.4375	38.4375	0.016023
1298	70.5625	38.4375	0.013373
1299	70.6875	38.4375	0.030058
1300	70.8125	38.4375	0.048497
1301	70.9375	38.4375	0.052988
1302	71.0625	38.4375	0.045733
1303	71.1875	38.4375	0.028657
1304	71.3125	38.4375	0.022277
1305	71.4375	38.4375	0.031241
1306	71.5625	38.4375	0.025413
1307	71.6875	38.4375	0.024201
1308	71.8125	38.4375	0.017400
1309	71.9375	38.4375	0.009801
1310	72.0625	38.4375	0.020690
1311	72.1875	38.4375	0.029531
1312	72.3125	38.4375	0.026061
1313	72.4375	38.4375	0.005630
1314	72.5625	38.4375	0.014780
1315	72.6875	38.4375	0.018343
1316	72.8125	38.4375	0.011362
1317	72.9375	38.4375	0.005305
1318	73.0625	38.4375	0.013369
1319	73.1875	38.4375	0.010901
1320	73.3125	38.4375	0.019023
1321	73.4375	38.4375	0.025999
1322	73.5625	38.4375	0.023220
1323	73.6875	38.4375	0.016348
1324	73.8125	38.4375	0.020723
1325	73.9375	38.4375	0.026748
1326	74.0625	38.4375	0.010248
1327	74.1875	38.4375	0.009589
1328	74.3125	38.4375	0.007085
1329	74.4375	38.4375	0.013231
1330	74.5625	38.4375	0.007585
1331	74.6875	38.4375	0.005196
1332	74.8125	38.4375	0.011502
1333	63.0625	38.3125	0.000286
1334	63.1875	38.3125	0.000298
1335	63.3125	38.3125	0.000298
1336	63.4375	38.3125	0.000305
1337	63.5625	38.3125	0.000303
1338	63.6875	38.3125	0.000277
1339	63.8125	38.3125	0.000249
1340	63.9375	38.3125	0.000247
1341	64.0625	38.3125	0.000258
1342	64.1875	38.3125	0.000237
1343	64.3125	38.3125	0.000317
1344	64.4375	38.3125	0.000319
1345	64.5625	38.3125	0.000247
1346	64.6875	38.3125	0.000449
1347	64.8125	38.3125	0.000880
1348	64.9375	38.3125	0.001536
1349	65.0625	38.3125	0.002235
1350	65.1875	38.3125	0.002334
1351	65.3125	38.3125	0.002701
1352	65.4375	38.3125	0.003115
1353	65.5625	38.3125	0.003874
1354	65.6875	38.3125	0.005396
1355	65.8125	38.3125	0.007770
1356	65.9375	38.3125	0.011372
1357	66.0625	38.3125	0.012150
1358	66.1875	38.3125	0.010710
1359	66.3125	38.3125	0.012079
1360	66.4375	38.3125	0.018698
1361	66.5625	38.3125	0.026595
1362	66.6875	38.3125	0.022696
1363	66.8125	38.3125	0.010374
1364	66.9375	38.3125	0.018534
1365	67.0625	38.3125	0.030824
1366	67.1875	38.3125	0.044893
1367	67.3125	38.3125	0.043805
1368	67.4375	38.3125	0.038628
1369	67.5625	38.3125	0.039463
1370	67.6875	38.3125	0.030415
1371	67.8125	38.3125	0.012461
1372	67.9375	38.3125	0.008975
1373	68.0625	38.3125	0.023869
1374	68.1875	38.3125	0.015752
1375	68.3125	38.3125	0.000677
1376	68.4375	38.3125	0.010494
1377	68.5625	38.3125	0.008285
1378	68.6875	38.3125	0.026061
1379	68.8125	38.3125	0.019841
1380	68.9375	38.3125	0.006868
1381	69.0625	38.3125	0.020959
1382	69.1875	38.3125	0.010192
1383	69.3125	38.3125	0.013787
1384	69.4375	38.3125	0.014121
1385	69.5625	38.3125	0.012165
1386	69.6875	38.3125	0.012268
1387	69.8125	38.3125	0.016128
1388	69.9375	38.3125	0.020231
1389	70.0625	38.3125	0.039140
1390	70.1875	38.3125	0.043726
1391	70.3125	38.3125	0.026127
1392	70.4375	38.3125	0.013374
1393	70.5625	38.3125	0.040689
1394	70.6875	38.3125	0.058555
1395	70.8125	38.3125	0.031281
1396	70.9375	38.3125	0.031580
1397	71.0625	38.3125	0.019678
1398	71.1875	38.3125	0.054795
1399	71.3125	38.3125	0.030634
1400	71.4375	38.3125	0.047729
1401	71.5625	38.3125	0.031045
1402	71.6875	38.3125	0.012575
1403	71.8125	38.3125	0.008054
1404	71.9375	38.3125	0.018770
1405	72.0625	38.3125	0.020464
1406	72.1875	38.3125	0.008426
1407	72.3125	38.3125	0.026213
1408	72.4375	38.3125	0.037346
1409	72.5625	38.3125	0.025048
1410	72.6875	38.3125	0.011917
1411	72.8125	38.3125	0.009407
1412	72.9375	38.3125	0.017979
1413	73.0625	38.3125	0.022275
1414	73.1875	38.3125	0.020707
1415	73.3125	38.3125	0.014623
1416	73.4375	38.3125	0.007316
1417	73.5625	38.3125	0.004364
1418	73.6875	38.3125	0.012020
1419	73.8125	38.3125	0.023153
1420	73.9375	38.3125	0.021098
1421	74.0625	38.3125	0.004263
1422	74.1875	38.3125	0.007501
1423	74.3125	38.3125	0.018528
1424	74.4375	38.3125	0.026125
1425	74.5625	38.3125	0.020275
1426	74.6875	38.3125	0.011864
1427	74.8125	38.3125	0.007075
1428	63.1875	38.1875	0.000287
1429	63.3125	38.1875	0.000224
1430	63.4375	38.1875	0.000296
1431	63.5625	38.1875	0.000328
1432	63.6875	38.1875	0.000288
1433	63.8125	38.1875	0.000274
1434	63.9375	38.1875	0.000261
1435	64.0625	38.1875	0.000276
1436	64.1875	38.1875	0.000241
1437	64.3125	38.1875	0.000196
1438	64.4375	38.1875	0.000259
1439	64.5625	38.1875	0.000387
1440	64.6875	38.1875	0.000417
1441	64.8125	38.1875	0.000280
1442	64.9375	38.1875	0.000373
1443	65.0625	38.1875	0.001066
1444	65.1875	38.1875	0.002025
1445	65.3125	38.1875	0.002313
1446	65.4375	38.1875	0.002275
1447	65.5625	38.1875	0.003180
1448	65.6875	38.1875	0.005351
1449	65.8125	38.1875	0.007666
1450	65.9375	38.1875	0.011527
1451	66.0625	38.1875	0.014699
1452	66.1875	38.1875	0.011928
1453	66.3125	38.1875	0.010184
1454	66.4375	38.1875	0.021296
1455	66.5625	38.1875	0.031382
1456	66.6875	38.1875	0.012069
1457	66.8125	38.1875	0.024335
1458	66.9375	38.1875	0.035655
1459	67.0625	38.1875	0.023058
1460	67.1875	38.1875	0.017782
1461	67.3125	38.1875	0.019001
1462	67.4375	38.1875	0.021157
1463	67.5625	38.1875	0.018995
1464	67.6875	38.1875	0.009832
1465	67.8125	38.1875	0.002218
1466	67.9375	38.1875	0.020462
1467	68.0625	38.1875	0.029194
1468	68.1875	38.1875	0.004813
1469	68.3125	38.1875	0.000816
1470	68.4375	38.1875	0.014049
1471	68.5625	38.1875	0.025953
1472	68.6875	38.1875	0.030334
1473	68.8125	38.1875	0.010257
1474	68.9375	38.1875	0.014629
1475	69.0625	38.1875	0.012003
1476	69.1875	38.1875	0.012069
1477	69.3125	38.1875	0.010956
1478	69.4375	38.1875	0.007978
1479	69.5625	38.1875	0.009244
1480	69.6875	38.1875	0.014699
1481	69.8125	38.1875	0.018765
1482	69.9375	38.1875	0.037944
1483	70.0625	38.1875	0.023826
1484	70.1875	38.1875	0.034961
1485	70.3125	38.1875	0.032055
1486	70.4375	38.1875	0.016809
1487	70.5625	38.1875	0.047730
1488	70.6875	38.1875	0.044140
1489	70.8125	38.1875	0.011022
1490	70.9375	38.1875	0.014075
1491	71.0625	38.1875	0.017543
1492	71.1875	38.1875	0.052490
1493	71.3125	38.1875	0.008888
1494	71.4375	38.1875	0.028329
1495	71.5625	38.1875	0.018497
1496	71.6875	38.1875	0.023031
1497	71.8125	38.1875	0.014286
1498	71.9375	38.1875	0.009390
1499	72.0625	38.1875	0.024718
1500	72.1875	38.1875	0.034356
1501	72.3125	38.1875	0.042525
1502	72.4375	38.1875	0.023830
1503	72.5625	38.1875	0.016845
1504	72.6875	38.1875	0.022132
1505	72.8125	38.1875	0.019402
1506	72.9375	38.1875	0.015502
1507	73.0625	38.1875	0.016691
1508	73.1875	38.1875	0.011689
1509	73.3125	38.1875	0.015478
1510	73.4375	38.1875	0.014931
1511	73.5625	38.1875	0.017605
1512	73.6875	38.1875	0.009754
1513	73.8125	38.1875	0.017256
1514	73.9375	38.1875	0.013417
1515	74.0625	38.1875	0.012778
1516	74.1875	38.1875	0.014426
1517	74.3125	38.1875	0.006381
1518	74.4375	38.1875	0.005333
1519	74.5625	38.1875	0.013074
1520	74.6875	38.1875	0.023520
1521	74.8125	38.1875	0.007633
1522	63.1875	38.0625	0.000754
1523	63.3125	38.0625	0.000523
1524	63.4375	38.0625	0.000319
1525	63.5625	38.0625	0.000379
1526	63.6875	38.0625	0.000407
1527	63.8125	38.0625	0.000387
1528	63.9375	38.0625	0.000356
1529	64.0625	38.0625	0.000357
1530	64.1875	38.0625	0.000319
1531	64.3125	38.0625	0.000199
1532	64.4375	38.0625	0.000174
1533	64.5625	38.0625	0.000310
1534	64.6875	38.0625	0.000234
1535	64.8125	38.0625	0.000279
1536	64.9375	38.0625	0.000415
1537	65.0625	38.0625	0.000304
1538	65.1875	38.0625	0.001164
1539	65.3125	38.0625	0.001885
1540	65.4375	38.0625	0.001752
1541	65.5625	38.0625	0.003856
1542	65.6875	38.0625	0.006189
1543	65.8125	38.0625	0.004754
1544	65.9375	38.0625	0.009637
1545	66.0625	38.0625	0.015395
1546	66.1875	38.0625	0.014504
1547	66.3125	38.0625	0.013089
1548	66.4375	38.0625	0.034873
1549	66.5625	38.0625	0.034048
1550	66.6875	38.0625	0.013700
1551	66.8125	38.0625	0.039232
1552	66.9375	38.0625	0.033978
1553	67.0625	38.0625	0.018528
1554	67.1875	38.0625	0.013721
1555	67.3125	38.0625	0.014811
1556	67.4375	38.0625	0.013167
1557	67.5625	38.0625	0.008516
1558	67.6875	38.0625	0.001651
1559	67.8125	38.0625	0.009193
1560	67.9375	38.0625	0.027366
1561	68.0625	38.0625	0.020470
1562	68.1875	38.0625	0.015248
1563	68.3125	38.0625	0.010475
1564	68.4375	38.0625	0.008861
1565	68.5625	38.0625	0.040017
1566	68.6875	38.0625	0.024248
1567	68.8125	38.0625	0.012783
1568	68.9375	38.0625	0.015661
1569	69.0625	38.0625	0.010757
1570	69.1875	38.0625	0.005718
1571	69.3125	38.0625	0.003057
1572	69.4375	38.0625	0.006302
1573	69.5625	38.0625	0.014118
1574	69.6875	38.0625	0.012125
1575	69.8125	38.0625	0.029901
1576	69.9375	38.0625	0.053971
1577	70.0625	38.0625	0.007375
1578	70.1875	38.0625	0.017360
1579	70.3125	38.0625	0.061650
1580	70.4375	38.0625	0.033440
1581	70.5625	38.0625	0.029326
1582	70.6875	38.0625	0.029272
1583	70.8125	38.0625	0.022178
1584	70.9375	38.0625	0.013765
1585	71.0625	38.0625	0.039372
1586	71.1875	38.0625	0.028245
1587	71.3125	38.0625	0.017426
1588	71.4375	38.0625	0.007004
1589	71.5625	38.0625	0.014077
1590	71.6875	38.0625	0.025339
1591	71.8125	38.0625	0.028820
1592	71.9375	38.0625	0.032945
1593	72.0625	38.0625	0.032149
1594	72.1875	38.0625	0.030476
1595	72.3125	38.0625	0.022205
1596	72.4375	38.0625	0.000559
1597	72.5625	38.0625	0.012062
1598	72.6875	38.0625	0.017712
1599	72.8125	38.0625	0.022448
1600	72.9375	38.0625	0.021175
1601	73.0625	38.0625	0.023175
1602	73.1875	38.0625	0.020004
1603	73.3125	38.0625	0.022198
1604	73.4375	38.0625	0.022238
1605	73.5625	38.0625	0.017073
1606	73.6875	38.0625	0.004967
1607	73.8125	38.0625	0.009052
1608	73.9375	38.0625	0.012082
1609	74.0625	38.0625	0.011196
1610	74.1875	38.0625	0.014576
1611	74.3125	38.0625	0.019616
1612	74.4375	38.0625	0.020762
1613	74.5625	38.0625	0.011683
1614	74.6875	38.0625	0.019530
1615	74.8125	38.0625	0.023874
1616	74.9375	38.0625	0.027872
1617	63.5625	37.9375	0.000834
1618	63.6875	37.9375	0.000619
1619	63.8125	37.9375	0.000542
1620	63.9375	37.9375	0.000540
1621	64.0625	37.9375	0.000561
1622	64.1875	37.9375	0.000527
1623	64.3125	37.9375	0.000492
1624	64.4375	37.9375	0.000451
1625	64.5625	37.9375	0.000347
1626	64.6875	37.9375	0.000237
1627	64.8125	37.9375	0.000234
1628	64.9375	37.9375	0.000265
1629	65.0625	37.9375	0.000172
1630	65.1875	37.9375	0.000252
1631	65.3125	37.9375	0.000972
1632	65.4375	37.9375	0.001421
1633	65.5625	37.9375	0.004781
1634	65.6875	37.9375	0.006060
1635	65.8125	37.9375	0.003677
1636	65.9375	37.9375	0.008386
1637	66.0625	37.9375	0.013982
1638	66.1875	37.9375	0.015528
1639	66.3125	37.9375	0.022684
1640	66.4375	37.9375	0.054913
1641	66.5625	37.9375	0.014573
1642	66.6875	37.9375	0.044674
1643	66.8125	37.9375	0.036887
1644	66.9375	37.9375	0.023697
1645	67.0625	37.9375	0.014863
1646	67.1875	37.9375	0.013563
1647	67.3125	37.9375	0.010844
1648	67.4375	37.9375	0.006556
1649	67.5625	37.9375	0.001768
1650	67.6875	37.9375	0.004589
1651	67.8125	37.9375	0.014075
1652	67.9375	37.9375	0.024757
1653	68.0625	37.9375	0.007887
1654	68.1875	37.9375	0.015311
1655	68.3125	37.9375	0.016324
1656	68.4375	37.9375	0.016793
1657	68.5625	37.9375	0.034827
1658	68.6875	37.9375	0.016459
1659	68.8125	37.9375	0.009035
1660	68.9375	37.9375	0.011484
1661	69.0625	37.9375	0.012652
1662	69.1875	37.9375	0.004596
1663	69.3125	37.9375	0.007079
1664	69.4375	37.9375	0.011186
1665	69.5625	37.9375	0.009540
1666	69.6875	37.9375	0.016637
1667	69.8125	37.9375	0.039474
1668	69.9375	37.9375	0.051459
1669	70.0625	37.9375	0.004931
1670	70.1875	37.9375	0.004010
1671	70.3125	37.9375	0.063723
1672	70.4375	37.9375	0.050716
1673	70.5625	37.9375	0.022202
1674	70.6875	37.9375	0.024029
1675	70.8125	37.9375	0.013564
1676	70.9375	37.9375	0.030708
1677	71.0625	37.9375	0.010411
1678	71.1875	37.9375	0.032349
1679	71.3125	37.9375	0.046092
1680	71.4375	37.9375	0.037933
1681	71.5625	37.9375	0.023076
1682	71.6875	37.9375	0.048173
1683	71.8125	37.9375	0.018407
1684	71.9375	37.9375	0.013715
1685	72.0625	37.9375	0.014892
1686	72.1875	37.9375	0.023328
1687	72.3125	37.9375	0.029049
1688	72.4375	37.9375	0.030870
1689	72.5625	37.9375	0.018664
1690	72.6875	37.9375	0.003580
1691	72.8125	37.9375	0.015590
1692	72.9375	37.9375	0.016534
1693	73.0625	37.9375	0.029612
1694	73.1875	37.9375	0.030034
1695	73.3125	37.9375	0.018863
1696	73.4375	37.9375	0.005994
1697	73.5625	37.9375	0.006191
1698	73.6875	37.9375	0.006775
1699	73.8125	37.9375	0.006103
1700	73.9375	37.9375	0.002014
1701	74.0625	37.9375	0.004218
1702	74.1875	37.9375	0.004012
1703	74.3125	37.9375	0.003063
1704	74.4375	37.9375	0.007140
1705	74.5625	37.9375	0.014299
1706	74.6875	37.9375	0.008228
1707	74.8125	37.9375	0.031342
1708	74.9375	37.9375	0.007093
1709	63.6875	37.8125	0.000953
1710	63.8125	37.8125	0.000628
1711	63.9375	37.8125	0.000592
1712	64.0625	37.8125	0.000627
1713	64.1875	37.8125	0.000641
1714	64.3125	37.8125	0.000670
1715	64.4375	37.8125	0.000721
1716	64.5625	37.8125	0.000693
1717	64.6875	37.8125	0.000539
1718	64.8125	37.8125	0.000292
1719	64.9375	37.8125	0.000170
1720	65.0625	37.8125	0.000264
1721	65.1875	37.8125	0.000111
1722	65.3125	37.8125	0.000329
1723	65.4375	37.8125	0.000659
1724	65.5625	37.8125	0.003540
1725	65.6875	37.8125	0.005435
1726	65.8125	37.8125	0.005264
1727	65.9375	37.8125	0.006220
1728	66.0625	37.8125	0.010091
1729	66.1875	37.8125	0.011242
1730	66.3125	37.8125	0.029048
1731	66.4375	37.8125	0.056101
1732	66.5625	37.8125	0.037920
1733	66.6875	37.8125	0.050054
1734	66.8125	37.8125	0.027742
1735	66.9375	37.8125	0.018964
1736	67.0625	37.8125	0.011244
1737	67.1875	37.8125	0.006571
1738	67.3125	37.8125	0.003527
1739	67.4375	37.8125	0.001753
1740	67.5625	37.8125	0.003910
1741	67.6875	37.8125	0.004911
1742	67.8125	37.8125	0.014233
1743	67.9375	37.8125	0.016494
1744	68.0625	37.8125	0.015017
1745	68.1875	37.8125	0.010183
1746	68.3125	37.8125	0.011726
1747	68.4375	37.8125	0.021845
1748	68.5625	37.8125	0.020112
1749	68.6875	37.8125	0.008168
1750	68.8125	37.8125	0.004413
1751	68.9375	37.8125	0.009363
1752	69.0625	37.8125	0.015954
1753	69.1875	37.8125	0.004813
1754	69.3125	37.8125	0.011787
1755	69.4375	37.8125	0.007623
1756	69.5625	37.8125	0.004027
1757	69.6875	37.8125	0.020794
1758	69.8125	37.8125	0.032460
1759	69.9375	37.8125	0.044740
1760	70.0625	37.8125	0.026425
1761	70.1875	37.8125	0.014035
1762	70.3125	37.8125	0.042490
1763	70.4375	37.8125	0.057201
1764	70.5625	37.8125	0.040780
1765	70.6875	37.8125	0.033459
1766	70.8125	37.8125	0.021754
1767	70.9375	37.8125	0.024263
1768	71.0625	37.8125	0.029839
1769	71.1875	37.8125	0.040281
1770	71.3125	37.8125	0.003745
1771	71.4375	37.8125	0.036383
1772	71.5625	37.8125	0.009326
1773	71.6875	37.8125	0.035238
1774	71.8125	37.8125	0.017012
1775	71.9375	37.8125	0.019470
1776	72.0625	37.8125	0.012288
1777	72.1875	37.8125	0.008512
1778	72.3125	37.8125	0.003448
1779	72.4375	37.8125	0.004960
1780	72.5625	37.8125	0.017855
1781	72.6875	37.8125	0.016595
1782	72.8125	37.8125	0.026540
1783	72.9375	37.8125	0.015215
1784	73.0625	37.8125	0.004453
1785	73.1875	37.8125	0.009698
1786	73.3125	37.8125	0.024315
1787	73.4375	37.8125	0.023213
1788	73.5625	37.8125	0.023523
1789	73.6875	37.8125	0.018691
1790	73.8125	37.8125	0.015125
1791	73.9375	37.8125	0.011695
1792	74.0625	37.8125	0.008224
1793	74.1875	37.8125	0.004763
1794	74.3125	37.8125	0.002162
1795	74.4375	37.8125	0.001149
1796	74.5625	37.8125	0.008303
1797	74.6875	37.8125	0.008006
1798	74.8125	37.8125	0.023170
1799	74.9375	37.8125	0.016163
1800	75.0625	37.8125	0.025323
1801	63.8125	37.6875	0.001239
1802	63.9375	37.6875	0.000800
1803	64.0625	37.6875	0.000589
1804	64.1875	37.6875	0.000581
1805	64.3125	37.6875	0.000653
1806	64.4375	37.6875	0.000714
1807	64.5625	37.6875	0.000725
1808	64.6875	37.6875	0.000726
1809	64.8125	37.6875	0.000697
1810	64.9375	37.6875	0.000472
1811	65.0625	37.6875	0.000015
1812	65.1875	37.6875	0.000307
1813	65.3125	37.6875	0.000383
1814	65.4375	37.6875	0.000397
1815	65.5625	37.6875	0.001010
1816	65.6875	37.6875	0.001999
1817	65.8125	37.6875	0.002070
1818	65.9375	37.6875	0.002056
1819	66.0625	37.6875	0.004328
1820	66.1875	37.6875	0.005811
1821	66.3125	37.6875	0.019646
1822	66.4375	37.6875	0.037235
1823	66.5625	37.6875	0.036457
1824	66.6875	37.6875	0.032300
1825	66.8125	37.6875	0.018825
1826	66.9375	37.6875	0.010899
1827	67.0625	37.6875	0.004635
1828	67.1875	37.6875	0.003149
1829	67.3125	37.6875	0.002448
1830	67.4375	37.6875	0.003052
1831	67.5625	37.6875	0.005423
1832	67.6875	37.6875	0.002815
1833	67.8125	37.6875	0.012539
1834	67.9375	37.6875	0.008498
1835	68.0625	37.6875	0.012643
1836	68.1875	37.6875	0.009322
1837	68.3125	37.6875	0.007461
1838	68.4375	37.6875	0.015938
1839	68.5625	37.6875	0.005780
1840	68.6875	37.6875	0.000971
1841	68.8125	37.6875	0.003963
1842	68.9375	37.6875	0.014428
1843	69.0625	37.6875	0.020744
1844	69.1875	37.6875	0.007259
1845	69.3125	37.6875	0.019681
1846	69.4375	37.6875	0.007566
1847	69.5625	37.6875	0.006935
1848	69.6875	37.6875	0.020153
1849	69.8125	37.6875	0.029487
1850	69.9375	37.6875	0.030212
1851	70.0625	37.6875	0.007839
1852	70.1875	37.6875	0.020005
1853	70.3125	37.6875	0.043716
1854	70.4375	37.6875	0.032658
1855	70.5625	37.6875	0.028629
1856	70.6875	37.6875	0.028525
1857	70.8125	37.6875	0.008783
1858	70.9375	37.6875	0.001232
1859	71.0625	37.6875	0.035925
1860	71.1875	37.6875	0.032716
1861	71.3125	37.6875	0.019630
1862	71.4375	37.6875	0.039394
1863	71.5625	37.6875	0.014843
1864	71.6875	37.6875	0.034682
1865	71.8125	37.6875	0.030777
1866	71.9375	37.6875	0.034331
1867	72.0625	37.6875	0.023095
1868	72.1875	37.6875	0.014480
1869	72.3125	37.6875	0.011152
1870	72.4375	37.6875	0.006258
1871	72.5625	37.6875	0.013289
1872	72.6875	37.6875	0.017181
1873	72.8125	37.6875	0.014459
1874	72.9375	37.6875	0.022030
1875	73.0625	37.6875	0.017018
1876	73.1875	37.6875	0.011382
1877	73.3125	37.6875	0.014792
1878	73.4375	37.6875	0.012312
1879	73.5625	37.6875	0.010586
1880	73.6875	37.6875	0.006218
1881	73.8125	37.6875	0.005042
1882	73.9375	37.6875	0.004044
1883	74.0625	37.6875	0.011121
1884	74.1875	37.6875	0.010363
1885	74.3125	37.6875	0.014053
1886	74.4375	37.6875	0.011636
1887	74.5625	37.6875	0.006605
1888	74.6875	37.6875	0.011842
1889	74.8125	37.6875	0.011473
1890	74.9375	37.6875	0.021837
1891	64.0625	37.5625	0.001118
1892	64.1875	37.5625	0.000717
1893	64.3125	37.5625	0.000676
1894	64.4375	37.5625	0.000719
1895	64.5625	37.5625	0.000803
1896	64.6875	37.5625	0.000837
1897	64.8125	37.5625	0.000811
1898	64.9375	37.5625	0.000790
1899	65.0625	37.5625	0.000645
1900	65.1875	37.5625	0.000400
1901	65.3125	37.5625	0.000570
1902	65.4375	37.5625	0.000420
1903	65.5625	37.5625	0.000351
1904	65.6875	37.5625	0.000367
1905	65.8125	37.5625	0.000280
1906	65.9375	37.5625	0.000400
1907	66.0625	37.5625	0.000967
1908	66.1875	37.5625	0.001800
1909	66.3125	37.5625	0.006982
1910	66.4375	37.5625	0.011484
1911	66.5625	37.5625	0.014169
1912	66.6875	37.5625	0.012691
1913	66.8125	37.5625	0.007262
1914	66.9375	37.5625	0.003318
1915	67.0625	37.5625	0.002283
1916	67.1875	37.5625	0.002936
1917	67.3125	37.5625	0.002496
1918	67.4375	37.5625	0.004342
1919	67.5625	37.5625	0.005739
1920	67.6875	37.5625	0.005106
1921	67.8125	37.5625	0.012948
1922	67.9375	37.5625	0.003346
1923	68.0625	37.5625	0.010306
1924	68.1875	37.5625	0.006955
1925	68.3125	37.5625	0.006006
1926	68.4375	37.5625	0.012479
1927	68.5625	37.5625	0.001804
1928	68.6875	37.5625	0.004085
1929	68.8125	37.5625	0.004292
1930	68.9375	37.5625	0.014024
1931	69.0625	37.5625	0.020550
1932	69.1875	37.5625	0.008442
1933	69.3125	37.5625	0.019598
1934	69.4375	37.5625	0.009332
1935	69.5625	37.5625	0.013381
1936	69.6875	37.5625	0.027628
1937	69.8125	37.5625	0.044990
1938	69.9375	37.5625	0.039788
1939	70.0625	37.5625	0.026429
1940	70.1875	37.5625	0.033473
1941	70.3125	37.5625	0.035689
1942	70.4375	37.5625	0.012481
1943	70.5625	37.5625	0.019851
1944	70.6875	37.5625	0.026126
1945	70.8125	37.5625	0.009038
1946	70.9375	37.5625	0.007758
1947	71.0625	37.5625	0.031186
1948	71.1875	37.5625	0.027531
1949	71.3125	37.5625	0.014942
1950	71.4375	37.5625	0.031207
1951	71.5625	37.5625	0.013675
1952	71.6875	37.5625	0.038315
1953	71.8125	37.5625	0.040968
1954	71.9375	37.5625	0.016898
1955	72.0625	37.5625	0.017167
1956	72.1875	37.5625	0.029109
1957	72.3125	37.5625	0.026582
1958	72.4375	37.5625	0.020151
1959	72.5625	37.5625	0.015261
1960	72.6875	37.5625	0.014911
1961	72.8125	37.5625	0.006170
1962	72.9375	37.5625	0.011942
1963	73.0625	37.5625	0.005262
1964	73.1875	37.5625	0.004925
1965	73.3125	37.5625	0.008654
1966	73.4375	37.5625	0.005159
1967	73.5625	37.5625	0.000954
1968	73.6875	37.5625	0.003677
1969	73.8125	37.5625	0.005384
1970	73.9375	37.5625	0.006270
1971	74.0625	37.5625	0.010675
1972	74.1875	37.5625	0.010903
1973	74.3125	37.5625	0.006613
1974	74.4375	37.5625	0.001349
1975	74.5625	37.5625	0.005432
1976	74.6875	37.5625	0.015578
1977	74.8125	37.5625	0.017671
1978	74.9375	37.5625	0.021000
1979	75.0625	37.5625	0.017331
1980	64.0625	37.4375	0.002449
1981	64.1875	37.4375	0.001557
1982	64.3125	37.4375	0.000981
1983	64.4375	37.4375	0.000787
1984	64.5625	37.4375	0.000835
1985	64.6875	37.4375	0.000946
1986	64.8125	37.4375	0.000994
1987	64.9375	37.4375	0.000917
1988	65.0625	37.4375	0.000896
1989	65.1875	37.4375	0.000777
1990	65.3125	37.4375	0.000750
1991	65.4375	37.4375	0.000692
1992	65.5625	37.4375	0.000674
1993	65.6875	37.4375	0.000510
1994	65.8125	37.4375	0.000442
1995	65.9375	37.4375	0.000564
1996	66.0625	37.4375	0.000568
1997	66.1875	37.4375	0.000486
1998	66.3125	37.4375	0.002356
1999	66.4375	37.4375	0.003417
2000	66.5625	37.4375	0.003060
2001	66.6875	37.4375	0.001581
2002	66.8125	37.4375	0.000793
2003	66.9375	37.4375	0.000550
2004	67.0625	37.4375	0.000922
2005	67.1875	37.4375	0.001578
2006	67.3125	37.4375	0.001910
2007	67.4375	37.4375	0.003147
2008	67.5625	37.4375	0.004457
2009	67.6875	37.4375	0.005951
2010	67.8125	37.4375	0.013490
2011	67.9375	37.4375	0.006410
2012	68.0625	37.4375	0.009032
2013	68.1875	37.4375	0.005639
2014	68.3125	37.4375	0.006703
2015	68.4375	37.4375	0.008830
2016	68.5625	37.4375	0.002436
2017	68.6875	37.4375	0.003506
2018	68.8125	37.4375	0.005457
2019	68.9375	37.4375	0.010480
2020	69.0625	37.4375	0.019099
2021	69.1875	37.4375	0.015820
2022	69.3125	37.4375	0.012161
2023	69.4375	37.4375	0.007357
2024	69.5625	37.4375	0.024274
2025	69.6875	37.4375	0.032250
2026	69.8125	37.4375	0.042634
2027	69.9375	37.4375	0.029778
2028	70.0625	37.4375	0.009464
2029	70.1875	37.4375	0.018848
2030	70.3125	37.4375	0.037223
2031	70.4375	37.4375	0.040755
2032	70.5625	37.4375	0.041242
2033	70.6875	37.4375	0.038740
2034	70.8125	37.4375	0.018044
2035	70.9375	37.4375	0.011028
2036	71.0625	37.4375	0.034512
2037	71.1875	37.4375	0.031522
2038	71.3125	37.4375	0.018120
2039	71.4375	37.4375	0.020079
2040	71.5625	37.4375	0.029466
2041	71.6875	37.4375	0.024919
2042	71.8125	37.4375	0.020485
2043	71.9375	37.4375	0.028286
2044	72.0625	37.4375	0.026506
2045	72.1875	37.4375	0.010106
2046	72.3125	37.4375	0.012939
2047	72.4375	37.4375	0.028558
2048	72.5625	37.4375	0.023497
2049	72.6875	37.4375	0.002959
2050	72.8125	37.4375	0.016735
2051	72.9375	37.4375	0.008042
2052	73.0625	37.4375	0.010975
2053	73.1875	37.4375	0.025210
2054	73.3125	37.4375	0.031777
2055	73.4375	37.4375	0.025799
2056	73.5625	37.4375	0.019135
2057	73.6875	37.4375	0.018333
2058	73.8125	37.4375	0.016434
2059	73.9375	37.4375	0.006922
2060	74.0625	37.4375	0.001454
2061	74.1875	37.4375	0.004846
2062	74.3125	37.4375	0.007774
2063	74.4375	37.4375	0.016568
2064	74.5625	37.4375	0.020246
2065	74.6875	37.4375	0.021586
2066	74.8125	37.4375	0.020035
2067	74.9375	37.4375	0.015126
2068	75.0625	37.4375	0.002080
2069	75.1875	37.4375	0.021656
2070	64.1875	37.3125	0.003287
2071	64.3125	37.3125	0.002411
2072	64.4375	37.3125	0.001684
2073	64.5625	37.3125	0.001190
2074	64.6875	37.3125	0.001081
2075	64.8125	37.3125	0.001233
2076	64.9375	37.3125	0.001186
2077	65.0625	37.3125	0.001059
2078	65.1875	37.3125	0.000883
2079	65.3125	37.3125	0.000626
2080	65.4375	37.3125	0.000620
2081	65.5625	37.3125	0.000553
2082	65.6875	37.3125	0.000504
2083	65.8125	37.3125	0.000532
2084	65.9375	37.3125	0.000432
2085	66.0625	37.3125	0.000384
2086	66.1875	37.3125	0.000486
2087	66.3125	37.3125	0.000633
2088	66.4375	37.3125	0.000759
2089	66.5625	37.3125	0.000862
2090	66.6875	37.3125	0.000852
2091	66.8125	37.3125	0.000723
2092	66.9375	37.3125	0.000604
2093	67.0625	37.3125	0.000502
2094	67.1875	37.3125	0.000349
2095	67.3125	37.3125	0.000723
2096	67.4375	37.3125	0.000756
2097	67.5625	37.3125	0.000773
2098	67.6875	37.3125	0.003734
2099	67.8125	37.3125	0.010950
2100	67.9375	37.3125	0.003925
2101	68.0625	37.3125	0.006956
2102	68.1875	37.3125	0.005573
2103	68.3125	37.3125	0.005651
2104	68.4375	37.3125	0.004316
2105	68.5625	37.3125	0.001071
2106	68.6875	37.3125	0.001711
2107	68.8125	37.3125	0.005671
2108	68.9375	37.3125	0.007032
2109	69.0625	37.3125	0.002877
2110	69.1875	37.3125	0.011869
2111	69.3125	37.3125	0.005414
2112	69.4375	37.3125	0.002250
2113	69.5625	37.3125	0.028294
2114	69.6875	37.3125	0.033127
2115	69.8125	37.3125	0.034405
2116	69.9375	37.3125	0.016020
2117	70.0625	37.3125	0.025786
2118	70.1875	37.3125	0.018834
2119	70.3125	37.3125	0.018176
2120	70.4375	37.3125	0.012353
2121	70.5625	37.3125	0.033808
2122	70.6875	37.3125	0.046358
2123	70.8125	37.3125	0.037022
2124	70.9375	37.3125	0.029692
2125	71.0625	37.3125	0.039386
2126	71.1875	37.3125	0.032932
2127	71.3125	37.3125	0.022960
2128	71.4375	37.3125	0.002942
2129	71.5625	37.3125	0.047593
2130	71.6875	37.3125	0.027825
2131	71.8125	37.3125	0.022839
2132	71.9375	37.3125	0.014966
2133	72.0625	37.3125	0.023567
2134	72.1875	37.3125	0.028446
2135	72.3125	37.3125	0.024054
2136	72.4375	37.3125	0.014751
2137	72.5625	37.3125	0.011413
2138	72.6875	37.3125	0.023248
2139	72.8125	37.3125	0.006423
2140	72.9375	37.3125	0.022876
2141	73.0625	37.3125	0.032171
2142	73.1875	37.3125	0.021485
2143	73.3125	37.3125	0.003326
2144	73.4375	37.3125	0.012833
2145	73.5625	37.3125	0.012833
2146	73.6875	37.3125	0.012154
2147	73.8125	37.3125	0.013994
2148	73.9375	37.3125	0.016635
2149	74.0625	37.3125	0.011635
2150	74.1875	37.3125	0.008577
2151	74.3125	37.3125	0.020188
2152	74.4375	37.3125	0.025746
2153	74.5625	37.3125	0.017943
2154	74.6875	37.3125	0.012114
2155	74.8125	37.3125	0.002400
2156	74.9375	37.3125	0.001684
2157	75.0625	37.3125	0.005644
2158	75.1875	37.3125	0.014852
2159	64.3125	37.1875	0.004569
2160	64.4375	37.1875	0.003744
2161	64.5625	37.1875	0.002972
2162	64.6875	37.1875	0.002318
2163	64.8125	37.1875	0.002003
2164	64.9375	37.1875	0.001837
2165	65.0625	37.1875	0.001656
2166	65.1875	37.1875	0.001467
2167	65.3125	37.1875	0.001037
2168	65.4375	37.1875	0.000785
2169	65.5625	37.1875	0.000614
2170	65.6875	37.1875	0.000626
2171	65.8125	37.1875	0.000669
2172	65.9375	37.1875	0.000581
2173	66.0625	37.1875	0.000460
2174	66.1875	37.1875	0.000538
2175	66.3125	37.1875	0.000629
2176	66.4375	37.1875	0.000744
2177	66.5625	37.1875	0.000885
2178	66.6875	37.1875	0.000931
2179	66.8125	37.1875	0.000973
2180	66.9375	37.1875	0.000947
2181	67.0625	37.1875	0.000776
2182	67.1875	37.1875	0.000657
2183	67.3125	37.1875	0.000556
2184	67.4375	37.1875	0.000385
2185	67.5625	37.1875	0.000460
2186	67.6875	37.1875	0.001351
2187	67.8125	37.1875	0.007334
2188	67.9375	37.1875	0.004640
2189	68.0625	37.1875	0.006154
2190	68.1875	37.1875	0.003310
2191	68.3125	37.1875	0.001760
2192	68.4375	37.1875	0.001839
2193	68.5625	37.1875	0.001974
2194	68.6875	37.1875	0.003599
2195	68.8125	37.1875	0.009037
2196	68.9375	37.1875	0.006555
2197	69.0625	37.1875	0.008269
2198	69.1875	37.1875	0.006441
2199	69.3125	37.1875	0.009751
2200	69.4375	37.1875	0.012309
2201	69.5625	37.1875	0.021330
2202	69.6875	37.1875	0.030962
2203	69.8125	37.1875	0.028530
2204	69.9375	37.1875	0.017209
2205	70.0625	37.1875	0.022853
2206	70.1875	37.1875	0.015782
2207	70.3125	37.1875	0.025965
2208	70.4375	37.1875	0.023068
2209	70.5625	37.1875	0.034980
2210	70.6875	37.1875	0.016657
2211	70.8125	37.1875	0.018684
2212	70.9375	37.1875	0.040620
2213	71.0625	37.1875	0.045488
2214	71.1875	37.1875	0.036515
2215	71.3125	37.1875	0.008359
2216	71.4375	37.1875	0.015255
2217	71.5625	37.1875	0.055385
2218	71.6875	37.1875	0.022223
2219	71.8125	37.1875	0.029199
2220	71.9375	37.1875	0.035225
2221	72.0625	37.1875	0.019460
2222	72.1875	37.1875	0.013593
2223	72.3125	37.1875	0.030235
2224	72.4375	37.1875	0.032470
2225	72.5625	37.1875	0.026931
2226	72.6875	37.1875	0.009928
2227	72.8125	37.1875	0.022776
2228	72.9375	37.1875	0.020850
2229	73.0625	37.1875	0.022388
2230	73.1875	37.1875	0.021276
2231	73.3125	37.1875	0.033009
2232	73.4375	37.1875	0.028778
2233	73.5625	37.1875	0.015557
2234	73.6875	37.1875	0.006931
2235	73.8125	37.1875	0.007205
2236	73.9375	37.1875	0.003793
2237	74.0625	37.1875	0.020477
2238	74.1875	37.1875	0.024601
2239	74.3125	37.1875	0.014862
2240	74.4375	37.1875	0.005987
2241	74.5625	37.1875	0.010717
2242	74.6875	37.1875	0.009817
2243	74.8125	37.1875	0.003936
2244	74.9375	37.1875	0.003894
2245	64.4375	37.0625	0.007053
2246	64.5625	37.0625	0.006365
2247	64.6875	37.0625	0.005481
2248	64.8125	37.0625	0.003919
2249	64.9375	37.0625	0.002584
2250	65.0625	37.0625	0.002230
2251	65.1875	37.0625	0.002312
2252	65.3125	37.0625	0.002410
2253	65.4375	37.0625	0.002851
2254	65.5625	37.0625	0.002337
2255	65.6875	37.0625	0.001390
2256	65.8125	37.0625	0.001230
2257	65.9375	37.0625	0.001248
2258	66.0625	37.0625	0.001249
2259	66.1875	37.0625	0.001131
2260	66.3125	37.0625	0.000867
2261	66.4375	37.0625	0.000846
2262	66.5625	37.0625	0.001019
2263	66.6875	37.0625	0.001052
2264	66.8125	37.0625	0.001153
2265	66.9375	37.0625	0.001190
2266	67.0625	37.0625	0.001089
2267	67.1875	37.0625	0.001035
2268	67.3125	37.0625	0.001103
2269	67.4375	37.0625	0.001028
2270	67.5625	37.0625	0.001237
2271	67.6875	37.0625	0.001300
2272	67.8125	37.0625	0.002320
2273	67.9375	37.0625	0.002571
2274	68.0625	37.0625	0.002223
2275	68.1875	37.0625	0.002465
2276	68.3125	37.0625	0.003469
2277	68.4375	37.0625	0.004518
2278	68.5625	37.0625	0.002888
2279	68.6875	37.0625	0.002475
2280	68.8125	37.0625	0.008684
2281	68.9375	37.0625	0.006571
2282	69.0625	37.0625	0.003702
2283	69.1875	37.0625	0.016110
2284	69.3125	37.0625	0.017288
2285	69.4375	37.0625	0.013681
2286	69.5625	37.0625	0.015426
2287	69.6875	37.0625	0.018304
2288	69.8125	37.0625	0.021766
2289	69.9375	37.0625	0.012896
2290	70.0625	37.0625	0.001065
2291	70.1875	37.0625	0.031707
2292	70.3125	37.0625	0.033290
2293	70.4375	37.0625	0.037610
2294	70.5625	37.0625	0.044813
2295	70.6875	37.0625	0.039233
2296	70.8125	37.0625	0.019887
2297	70.9375	37.0625	0.030884
2298	71.0625	37.0625	0.053014
2299	71.1875	37.0625	0.059915
2300	71.3125	37.0625	0.032758
2301	71.4375	37.0625	0.021946
2302	71.5625	37.0625	0.037651
2303	71.6875	37.0625	0.039751
2304	71.8125	37.0625	0.004084
2305	71.9375	37.0625	0.023602
2306	72.0625	37.0625	0.037150
2307	72.1875	37.0625	0.018392
2308	72.3125	37.0625	0.017752
2309	72.4375	37.0625	0.030876
2310	72.5625	37.0625	0.032386
2311	72.6875	37.0625	0.027417
2312	72.8125	37.0625	0.012909
2313	72.9375	37.0625	0.010094
2314	73.0625	37.0625	0.022942
2315	73.1875	37.0625	0.022903
2316	73.3125	37.0625	0.024196
2317	73.4375	37.0625	0.008640
2318	73.5625	37.0625	0.020107
2319	73.6875	37.0625	0.011037
2320	73.8125	37.0625	0.010953
2321	73.9375	37.0625	0.008609
2322	74.0625	37.0625	0.017082
2323	74.1875	37.0625	0.008044
2324	74.3125	37.0625	0.017462
2325	74.4375	37.0625	0.024784
2326	74.5625	37.0625	0.031692
2327	64.1875	36.9375	0.008636
2328	64.3125	36.9375	0.009681
2329	64.4375	36.9375	0.009669
2330	64.5625	36.9375	0.008537
2331	64.6875	36.9375	0.008068
2332	64.8125	36.9375	0.006435
2333	64.9375	36.9375	0.003896
2334	65.0625	36.9375	0.003652
2335	65.1875	36.9375	0.004409
2336	65.3125	36.9375	0.004492
2337	65.4375	36.9375	0.004606
2338	65.5625	36.9375	0.004685
2339	65.6875	36.9375	0.002749
2340	65.8125	36.9375	0.002830
2341	65.9375	36.9375	0.004271
2342	66.0625	36.9375	0.004744
2343	66.1875	36.9375	0.003794
2344	66.3125	36.9375	0.002671
2345	66.4375	36.9375	0.002360
2346	66.5625	36.9375	0.002790
2347	66.6875	36.9375	0.002837
2348	66.8125	36.9375	0.002570
2349	66.9375	36.9375	0.002532
2350	67.0625	36.9375	0.003441
2351	67.1875	36.9375	0.006327
2352	67.3125	36.9375	0.012056
2353	67.4375	36.9375	0.016778
2354	67.5625	36.9375	0.016782
2355	67.6875	36.9375	0.012749
2356	67.8125	36.9375	0.008250
2357	67.9375	36.9375	0.004447
2358	68.0625	36.9375	0.003573
2359	68.1875	36.9375	0.003706
2360	68.3125	36.9375	0.006138
2361	68.4375	36.9375	0.007350
2362	68.5625	36.9375	0.009597
2363	68.6875	36.9375	0.006180
2364	68.8125	36.9375	0.003010
2365	68.9375	36.9375	0.007647
2366	69.0625	36.9375	0.010949
2367	69.1875	36.9375	0.016610
2368	69.3125	36.9375	0.006770
2369	69.4375	36.9375	0.005747
2370	69.5625	36.9375	0.014891
2371	69.6875	36.9375	0.015044
2372	69.8125	36.9375	0.026226
2373	69.9375	36.9375	0.030580
2374	70.0625	36.9375	0.033243
2375	70.1875	36.9375	0.038907
2376	70.3125	36.9375	0.044749
2377	70.4375	36.9375	0.045924
2378	70.5625	36.9375	0.048554
2379	70.6875	36.9375	0.045644
2380	70.8125	36.9375	0.040841
2381	70.9375	36.9375	0.031130
2382	71.0625	36.9375	0.050750
2383	71.1875	36.9375	0.062195
2384	71.3125	36.9375	0.009774
2385	71.4375	36.9375	0.037765
2386	71.5625	36.9375	0.026021
2387	71.6875	36.9375	0.060612
2388	71.8125	36.9375	0.040243
2389	71.9375	36.9375	0.031337
2390	72.0625	36.9375	0.019130
2391	72.1875	36.9375	0.050429
2392	72.3125	36.9375	0.046293
2393	72.4375	36.9375	0.018488
2394	72.5625	36.9375	0.011015
2395	72.6875	36.9375	0.000986
2396	72.8125	36.9375	0.011019
2397	72.9375	36.9375	0.009045
2398	73.0625	36.9375	0.016418
2399	73.1875	36.9375	0.016709
2400	73.3125	36.9375	0.020148
2401	73.4375	36.9375	0.007356
2402	73.5625	36.9375	0.024269
2403	73.6875	36.9375	0.011374
2404	73.8125	36.9375	0.005366
2405	73.9375	36.9375	0.008563
2406	74.0625	36.9375	0.018474
2407	74.1875	36.9375	0.015902
2408	74.3125	36.9375	0.007220
2409	74.4375	36.9375	0.005115
2410	74.5625	36.9375	0.018296
2411	64.1875	36.8125	0.005752
2412	64.3125	36.8125	0.005990
2413	64.4375	36.8125	0.006379
2414	64.5625	36.8125	0.004972
2415	64.6875	36.8125	0.006424
2416	64.8125	36.8125	0.006530
2417	64.9375	36.8125	0.003659
2418	65.0625	36.8125	0.004110
2419	65.1875	36.8125	0.004698
2420	65.3125	36.8125	0.004567
2421	65.4375	36.8125	0.004279
2422	65.5625	36.8125	0.005620
2423	65.6875	36.8125	0.005097
2424	65.8125	36.8125	0.004525
2425	65.9375	36.8125	0.006654
2426	66.0625	36.8125	0.007114
2427	66.1875	36.8125	0.007608
2428	66.3125	36.8125	0.010067
2429	66.4375	36.8125	0.018329
2430	66.5625	36.8125	0.024845
2431	66.6875	36.8125	0.024414
2432	66.8125	36.8125	0.018612
2433	66.9375	36.8125	0.013863
2434	67.0625	36.8125	0.020892
2435	67.1875	36.8125	0.034768
2436	67.3125	36.8125	0.044238
2437	67.4375	36.8125	0.042615
2438	67.5625	36.8125	0.035477
2439	67.6875	36.8125	0.026217
2440	67.8125	36.8125	0.023690
2441	67.9375	36.8125	0.024027
2442	68.0625	36.8125	0.020262
2443	68.1875	36.8125	0.015269
2444	68.3125	36.8125	0.008493
2445	68.4375	36.8125	0.009552
2446	68.5625	36.8125	0.010154
2447	68.6875	36.8125	0.015839
2448	68.8125	36.8125	0.009626
2449	68.9375	36.8125	0.006964
2450	69.0625	36.8125	0.019256
2451	69.1875	36.8125	0.020342
2452	69.3125	36.8125	0.010671
2453	69.4375	36.8125	0.014230
2454	69.5625	36.8125	0.024147
2455	69.6875	36.8125	0.024111
2456	69.8125	36.8125	0.030559
2457	69.9375	36.8125	0.040627
2458	70.0625	36.8125	0.041271
2459	70.1875	36.8125	0.035207
2460	70.3125	36.8125	0.042762
2461	70.4375	36.8125	0.048576
2462	70.5625	36.8125	0.043825
2463	70.6875	36.8125	0.042079
2464	70.8125	36.8125	0.039251
2465	70.9375	36.8125	0.033972
2466	71.0625	36.8125	0.044109
2467	71.1875	36.8125	0.037719
2468	71.3125	36.8125	0.024783
2469	71.4375	36.8125	0.025231
2470	71.5625	36.8125	0.019005
2471	71.6875	36.8125	0.027963
2472	71.8125	36.8125	0.009931
2473	71.9375	36.8125	0.038434
2474	72.0625	36.8125	0.058266
2475	72.1875	36.8125	0.017708
2476	72.3125	36.8125	0.035834
2477	72.4375	36.8125	0.055222
2478	72.5625	36.8125	0.039005
2479	72.6875	36.8125	0.026226
2480	72.8125	36.8125	0.028976
2481	72.9375	36.8125	0.019149
2482	73.0625	36.8125	0.018635
2483	73.3125	36.8125	0.023091
2484	73.5625	36.8125	0.024284
2485	73.9375	36.8125	0.030383
2486	74.0625	36.8125	0.023040
2487	74.1875	36.8125	0.026585
2488	64.5625	36.6875	0.004440
2489	64.6875	36.6875	0.005555
2490	64.8125	36.6875	0.005282
2491	64.9375	36.6875	0.001394
2492	65.0625	36.6875	0.003815
2493	65.1875	36.6875	0.003444
2494	65.3125	36.6875	0.004187
2495	65.4375	36.6875	0.004143
2496	65.5625	36.6875	0.004618
2497	65.6875	36.6875	0.005447
2498	65.8125	36.6875	0.005816
2499	65.9375	36.6875	0.008847
2500	66.0625	36.6875	0.007874
2501	66.1875	36.6875	0.009331
2502	66.3125	36.6875	0.013550
2503	66.4375	36.6875	0.021846
2504	66.5625	36.6875	0.018593
2505	66.6875	36.6875	0.016997
2506	66.8125	36.6875	0.014921
2507	66.9375	36.6875	0.012677
2508	67.0625	36.6875	0.040639
2509	67.1875	36.6875	0.060582
2510	67.3125	36.6875	0.058265
2511	67.4375	36.6875	0.046272
2512	67.5625	36.6875	0.037983
2513	67.6875	36.6875	0.023128
2514	67.8125	36.6875	0.017144
2515	67.9375	36.6875	0.019974
2516	68.0625	36.6875	0.023488
2517	68.1875	36.6875	0.025505
2518	68.3125	36.6875	0.020585
2519	68.4375	36.6875	0.009287
2520	68.5625	36.6875	0.005463
2521	68.6875	36.6875	0.007868
2522	68.8125	36.6875	0.014176
2523	68.9375	36.6875	0.017844
2524	69.0625	36.6875	0.030475
2525	69.1875	36.6875	0.024774
2526	69.3125	36.6875	0.016626
2527	69.4375	36.6875	0.022176
2528	69.5625	36.6875	0.042380
2529	69.6875	36.6875	0.045049
2530	69.8125	36.6875	0.032529
2531	69.9375	36.6875	0.051350
2532	70.0625	36.6875	0.041577
2533	70.1875	36.6875	0.044451
2534	70.3125	36.6875	0.043847
2535	70.4375	36.6875	0.063660
2536	70.5625	36.6875	0.023627
2537	70.6875	36.6875	0.058310
2538	70.8125	36.6875	0.020837
2539	70.9375	36.6875	0.055712
2540	71.0625	36.6875	0.052160
2541	71.1875	36.6875	0.020435
2542	71.3125	36.6875	0.007811
2543	71.4375	36.6875	0.030125
2544	71.5625	36.6875	0.049406
2545	71.6875	36.6875	0.053385
2546	71.8125	36.6875	0.057128
2547	71.9375	36.6875	0.038430
2548	72.0625	36.6875	0.007308
2549	72.1875	36.6875	0.049235
2550	72.3125	36.6875	0.070719
2551	64.5625	36.5625	0.005013
2552	64.6875	36.5625	0.004854
2553	64.8125	36.5625	0.003092
2554	64.9375	36.5625	0.004455
2555	65.0625	36.5625	0.005980
2556	65.1875	36.5625	0.005145
2557	65.3125	36.5625	0.005075
2558	65.4375	36.5625	0.004779
2559	65.5625	36.5625	0.004397
2560	65.6875	36.5625	0.005009
2561	65.8125	36.5625	0.005889
2562	65.9375	36.5625	0.008028
2563	66.0625	36.5625	0.009336
2564	66.1875	36.5625	0.016481
2565	66.3125	36.5625	0.019923
2566	66.4375	36.5625	0.015482
2567	66.5625	36.5625	0.000795
2568	66.6875	36.5625	0.014459
2569	66.8125	36.5625	0.010478
2570	66.9375	36.5625	0.015444
2571	67.0625	36.5625	0.046669
2572	67.1875	36.5625	0.049699
2573	67.3125	36.5625	0.016776
2574	67.4375	36.5625	0.031414
2575	67.5625	36.5625	0.037825
2576	67.6875	36.5625	0.023601
2577	67.8125	36.5625	0.007339
2578	67.9375	36.5625	0.004747
2579	68.0625	36.5625	0.017259
2580	68.1875	36.5625	0.024904
2581	68.3125	36.5625	0.030201
2582	68.4375	36.5625	0.020158
2583	68.5625	36.5625	0.006606
2584	68.6875	36.5625	0.005167
2585	68.8125	36.5625	0.003035
2586	68.9375	36.5625	0.022424
2587	69.0625	36.5625	0.025410
2588	69.1875	36.5625	0.013935
2589	69.3125	36.5625	0.027020
2590	69.4375	36.5625	0.040677
2591	69.5625	36.5625	0.058996
2592	69.6875	36.5625	0.067514
2593	69.8125	36.5625	0.060860
2594	69.9375	36.5625	0.039967
2595	70.0625	36.5625	0.047220
2596	70.1875	36.5625	0.042210
2597	70.3125	36.5625	0.068033
2598	70.4375	36.5625	0.066910
2599	70.5625	36.5625	0.032739
2600	70.6875	36.5625	0.058981
2601	70.8125	36.5625	0.041078
2602	70.9375	36.5625	0.072688
2603	71.0625	36.5625	0.039388
2604	71.1875	36.5625	0.027149
2605	71.3125	36.5625	0.032725
2606	71.4375	36.5625	0.038246
2607	71.5625	36.5625	0.019727
2608	71.6875	36.5625	0.029260
2609	71.8125	36.5625	0.018241
2610	71.9375	36.5625	0.032100
2611	72.0625	36.5625	0.058648
2612	64.1875	36.4375	0.005654
2613	64.3125	36.4375	0.005082
2614	64.4375	36.4375	0.003909
2615	64.5625	36.4375	0.003825
2616	64.6875	36.4375	0.003234
2617	64.8125	36.4375	0.007253
2618	64.9375	36.4375	0.013468
2619	65.0625	36.4375	0.013904
2620	65.1875	36.4375	0.010755
2621	65.3125	36.4375	0.008180
2622	65.4375	36.4375	0.008580
2623	65.5625	36.4375	0.009815
2624	65.6875	36.4375	0.010850
2625	65.8125	36.4375	0.009708
2626	65.9375	36.4375	0.007917
2627	66.0625	36.4375	0.015825
2628	66.1875	36.4375	0.023085
2629	66.3125	36.4375	0.019236
2630	66.4375	36.4375	0.013253
2631	66.5625	36.4375	0.009919
2632	66.6875	36.4375	0.015566
2633	66.8125	36.4375	0.013963
2634	66.9375	36.4375	0.016664
2635	67.0625	36.4375	0.037316
2636	67.1875	36.4375	0.044351
2637	67.3125	36.4375	0.030346
2638	67.4375	36.4375	0.019686
2639	67.5625	36.4375	0.025550
2640	67.6875	36.4375	0.026364
2641	67.8125	36.4375	0.020994
2642	67.9375	36.4375	0.020252
2643	68.0625	36.4375	0.018103
2644	68.1875	36.4375	0.008685
2645	68.3125	36.4375	0.019515
2646	68.4375	36.4375	0.022754
2647	68.5625	36.4375	0.018917
2648	68.6875	36.4375	0.008233
2649	68.8125	36.4375	0.014549
2650	68.9375	36.4375	0.028486
2651	69.0625	36.4375	0.017050
2652	69.1875	36.4375	0.021662
2653	69.3125	36.4375	0.058588
2654	69.4375	36.4375	0.043779
2655	69.5625	36.4375	0.040514
2656	69.6875	36.4375	0.061140
2657	69.8125	36.4375	0.034663
2658	69.9375	36.4375	0.016439
2659	70.0625	36.4375	0.048263
2660	70.1875	36.4375	0.040644
2661	70.3125	36.4375	0.046984
2662	70.4375	36.4375	0.027512
2663	70.5625	36.4375	0.043674
2664	70.6875	36.4375	0.048399
2665	70.8125	36.4375	0.050640
2666	70.9375	36.4375	0.055438
2667	71.0625	36.4375	0.020095
2668	71.1875	36.4375	0.011944
2669	71.3125	36.4375	0.024258
2670	71.4375	36.4375	0.013624
2671	71.5625	36.4375	0.019496
2672	71.6875	36.4375	0.049088
2673	71.8125	36.4375	0.036619
2674	63.9375	36.3125	0.002561
2675	64.0625	36.3125	0.004050
2676	64.1875	36.3125	0.005083
2677	64.3125	36.3125	0.005532
2678	64.4375	36.3125	0.005779
2679	64.5625	36.3125	0.005172
2680	64.6875	36.3125	0.005938
2681	64.8125	36.3125	0.009979
2682	64.9375	36.3125	0.013054
2683	65.0625	36.3125	0.011292
2684	65.1875	36.3125	0.014461
2685	65.3125	36.3125	0.017653
2686	65.4375	36.3125	0.022558
2687	65.5625	36.3125	0.027673
2688	65.6875	36.3125	0.029104
2689	65.8125	36.3125	0.026944
2690	65.9375	36.3125	0.021173
2691	66.0625	36.3125	0.015851
2692	66.1875	36.3125	0.016724
2693	66.3125	36.3125	0.003396
2694	66.4375	36.3125	0.005723
2695	66.5625	36.3125	0.004312
2696	66.6875	36.3125	0.009544
2697	66.8125	36.3125	0.012286
2698	66.9375	36.3125	0.015644
2699	67.0625	36.3125	0.018513
2700	67.1875	36.3125	0.025217
2701	67.3125	36.3125	0.022210
2702	67.4375	36.3125	0.006093
2703	67.5625	36.3125	0.012108
2704	67.6875	36.3125	0.025488
2705	67.8125	36.3125	0.037056
2706	67.9375	36.3125	0.036210
2707	68.0625	36.3125	0.020723
2708	68.1875	36.3125	0.012559
2709	68.3125	36.3125	0.021192
2710	68.4375	36.3125	0.035137
2711	68.5625	36.3125	0.029809
2712	68.6875	36.3125	0.007048
2713	68.8125	36.3125	0.021947
2714	68.9375	36.3125	0.024085
2715	69.0625	36.3125	0.017482
2716	69.1875	36.3125	0.034859
2717	69.3125	36.3125	0.058696
2718	69.4375	36.3125	0.003338
2719	69.5625	36.3125	0.019835
2720	69.6875	36.3125	0.066700
2721	69.8125	36.3125	0.003145
2722	69.9375	36.3125	0.034720
2723	70.0625	36.3125	0.036793
2724	70.1875	36.3125	0.046473
2725	70.3125	36.3125	0.051007
2726	70.4375	36.3125	0.013585
2727	70.5625	36.3125	0.036398
2728	70.6875	36.3125	0.030054
2729	70.8125	36.3125	0.028996
2730	70.9375	36.3125	0.041771
2731	71.0625	36.3125	0.011368
2732	71.1875	36.3125	0.005490
2733	71.3125	36.3125	0.008163
2734	71.4375	36.3125	0.030317
2735	71.5625	36.3125	0.039957
2736	63.9375	36.1875	0.001953
2737	64.0625	36.1875	0.001255
2738	64.1875	36.1875	0.004102
2739	64.3125	36.1875	0.004315
2740	64.4375	36.1875	0.005756
2741	64.5625	36.1875	0.007016
2742	64.6875	36.1875	0.010192
2743	64.8125	36.1875	0.011255
2744	64.9375	36.1875	0.013569
2745	65.0625	36.1875	0.016576
2746	65.1875	36.1875	0.023143
2747	65.3125	36.1875	0.030104
2748	65.4375	36.1875	0.036161
2749	65.5625	36.1875	0.044302
2750	65.6875	36.1875	0.051814
2751	65.8125	36.1875	0.053423
2752	65.9375	36.1875	0.044777
2753	66.0625	36.1875	0.024210
2754	66.1875	36.1875	0.008858
2755	66.3125	36.1875	0.002567
2756	66.4375	36.1875	0.004166
2757	66.5625	36.1875	0.006335
2758	66.6875	36.1875	0.009652
2759	66.8125	36.1875	0.022325
2760	66.9375	36.1875	0.029831
2761	67.0625	36.1875	0.024700
2762	67.1875	36.1875	0.017519
2763	67.3125	36.1875	0.019893
2764	67.4375	36.1875	0.019670
2765	67.5625	36.1875	0.022610
2766	67.6875	36.1875	0.036557
2767	67.8125	36.1875	0.038735
2768	67.9375	36.1875	0.033575
2769	68.0625	36.1875	0.024843
2770	68.1875	36.1875	0.030338
2771	68.3125	36.1875	0.033298
2772	68.4375	36.1875	0.057280
2773	68.5625	36.1875	0.039575
2774	68.6875	36.1875	0.013097
2775	68.8125	36.1875	0.025229
2776	68.9375	36.1875	0.018709
2777	69.0625	36.1875	0.025784
2778	69.1875	36.1875	0.043401
2779	69.3125	36.1875	0.043569
2780	69.4375	36.1875	0.008148
2781	69.5625	36.1875	0.004107
2782	69.6875	36.1875	0.063715
2783	69.8125	36.1875	0.051248
2784	69.9375	36.1875	0.040879
2785	70.0625	36.1875	0.049601
2786	70.1875	36.1875	0.046351
2787	70.3125	36.1875	0.028250
2788	70.4375	36.1875	0.017581
2789	70.5625	36.1875	0.043615
2790	70.6875	36.1875	0.018395
2791	70.8125	36.1875	0.017730
2792	70.9375	36.1875	0.033410
2793	71.0625	36.1875	0.013942
2794	71.1875	36.1875	0.014377
2795	71.3125	36.1875	0.023578
2796	71.4375	36.1875	0.030068
2797	64.0625	36.0625	0.003638
2798	64.1875	36.0625	0.004579
2799	64.3125	36.0625	0.007575
2800	64.4375	36.0625	0.010270
2801	64.5625	36.0625	0.013471
2802	64.6875	36.0625	0.018762
2803	64.8125	36.0625	0.023078
2804	64.9375	36.0625	0.030009
2805	65.0625	36.0625	0.030961
2806	65.1875	36.0625	0.023267
2807	65.3125	36.0625	0.021705
2808	65.4375	36.0625	0.032868
2809	65.5625	36.0625	0.038701
2810	65.6875	36.0625	0.034980
2811	65.8125	36.0625	0.036608
2812	65.9375	36.0625	0.045141
2813	66.0625	36.0625	0.038905
2814	66.1875	36.0625	0.031031
2815	66.3125	36.0625	0.030781
2816	66.4375	36.0625	0.032561
2817	66.5625	36.0625	0.033260
2818	66.6875	36.0625	0.033800
2819	66.8125	36.0625	0.029483
2820	66.9375	36.0625	0.019069
2821	67.0625	36.0625	0.021372
2822	67.1875	36.0625	0.023517
2823	67.3125	36.0625	0.017105
2824	67.4375	36.0625	0.029641
2825	67.5625	36.0625	0.031583
2826	67.6875	36.0625	0.023181
2827	67.8125	36.0625	0.015277
2828	67.9375	36.0625	0.027470
2829	68.0625	36.0625	0.017638
2830	68.1875	36.0625	0.039462
2831	68.3125	36.0625	0.032333
2832	68.4375	36.0625	0.074764
2833	68.5625	36.0625	0.034666
2834	68.6875	36.0625	0.014967
2835	68.8125	36.0625	0.026394
2836	68.9375	36.0625	0.031338
2837	69.0625	36.0625	0.044561
2838	69.1875	36.0625	0.044119
2839	69.3125	36.0625	0.036322
2840	69.4375	36.0625	0.022290
2841	69.5625	36.0625	0.035543
2842	69.6875	36.0625	0.069810
2843	69.8125	36.0625	0.067465
2844	69.9375	36.0625	0.025668
2845	70.0625	36.0625	0.024254
2846	70.1875	36.0625	0.022047
2847	70.3125	36.0625	0.012642
2848	70.4375	36.0625	0.009334
2849	70.5625	36.0625	0.021580
2850	70.6875	36.0625	0.030726
2851	70.8125	36.0625	0.027707
2852	70.9375	36.0625	0.033713
2853	71.0625	36.0625	0.014262
2854	71.1875	36.0625	0.039194
2855	71.3125	36.0625	0.020136
2856	64.0625	35.9375	0.009708
2857	64.1875	35.9375	0.014253
2858	64.3125	35.9375	0.023438
2859	64.4375	35.9375	0.028202
2860	64.5625	35.9375	0.029684
2861	64.6875	35.9375	0.035434
2862	64.8125	35.9375	0.035815
2863	64.9375	35.9375	0.030519
2864	65.0625	35.9375	0.017524
2865	65.1875	35.9375	0.006454
2866	65.3125	35.9375	0.016047
2867	65.4375	35.9375	0.034900
2868	65.5625	35.9375	0.024317
2869	65.6875	35.9375	0.010643
2870	65.8125	35.9375	0.013248
2871	65.9375	35.9375	0.030528
2872	66.0625	35.9375	0.030361
2873	66.1875	35.9375	0.044843
2874	66.3125	35.9375	0.059390
2875	66.4375	35.9375	0.063604
2876	66.5625	35.9375	0.060445
2877	66.6875	35.9375	0.050707
2878	66.8125	35.9375	0.034034
2879	66.9375	35.9375	0.016335
2880	67.0625	35.9375	0.032356
2881	67.1875	35.9375	0.035465
2882	67.3125	35.9375	0.035788
2883	67.4375	35.9375	0.038527
2884	67.5625	35.9375	0.026336
2885	67.6875	35.9375	0.003706
2886	67.8125	35.9375	0.021867
2887	67.9375	35.9375	0.009898
2888	68.0625	35.9375	0.044281
2889	68.1875	35.9375	0.040377
2890	68.3125	35.9375	0.055032
2891	68.4375	35.9375	0.073149
2892	68.5625	35.9375	0.036217
2893	68.6875	35.9375	0.024634
2894	68.8125	35.9375	0.030216
2895	68.9375	35.9375	0.043406
2896	69.0625	35.9375	0.027894
2897	69.1875	35.9375	0.013571
2898	69.3125	35.9375	0.025851
2899	69.4375	35.9375	0.024704
2900	69.5625	35.9375	0.044087
2901	69.6875	35.9375	0.056459
2902	69.8125	35.9375	0.036307
2903	69.9375	35.9375	0.013430
2904	70.0625	35.9375	0.015598
2905	70.1875	35.9375	0.017860
2906	70.3125	35.9375	0.004245
2907	70.4375	35.9375	0.021276
2908	70.5625	35.9375	0.026539
2909	70.6875	35.9375	0.017187
2910	70.8125	35.9375	0.010297
2911	70.9375	35.9375	0.023763
2912	71.0625	35.9375	0.009618
2913	71.1875	35.9375	0.052114
2914	64.0625	35.8125	0.030665
2915	64.1875	35.8125	0.033439
2916	64.3125	35.8125	0.038440
2917	64.4375	35.8125	0.034907
2918	64.5625	35.8125	0.036672
2919	64.6875	35.8125	0.043141
2920	64.8125	35.8125	0.037782
2921	64.9375	35.8125	0.030417
2922	65.0625	35.8125	0.023227
2923	65.1875	35.8125	0.020121
2924	65.3125	35.8125	0.035492
2925	65.4375	35.8125	0.037030
2926	65.5625	35.8125	0.011507
2927	65.6875	35.8125	0.009064
2928	65.8125	35.8125	0.012228
2929	65.9375	35.8125	0.026492
2930	66.0625	35.8125	0.031892
2931	66.1875	35.8125	0.044327
2932	66.3125	35.8125	0.047422
2933	66.4375	35.8125	0.041158
2934	66.5625	35.8125	0.034565
2935	66.6875	35.8125	0.025840
2936	66.8125	35.8125	0.028793
2937	66.9375	35.8125	0.040518
2938	67.0625	35.8125	0.052582
2939	67.1875	35.8125	0.035796
2940	67.3125	35.8125	0.036036
2941	67.4375	35.8125	0.036796
2942	67.5625	35.8125	0.020659
2943	67.6875	35.8125	0.019898
2944	67.8125	35.8125	0.018945
2945	67.9375	35.8125	0.031755
2946	68.0625	35.8125	0.042090
2947	68.1875	35.8125	0.013782
2948	68.3125	35.8125	0.061598
2949	68.4375	35.8125	0.051210
2950	68.5625	35.8125	0.022083
2951	68.6875	35.8125	0.015674
2952	68.8125	35.8125	0.023961
2953	68.9375	35.8125	0.029405
2954	69.0625	35.8125	0.020604
2955	69.1875	35.8125	0.010063
2956	69.3125	35.8125	0.018748
2957	69.4375	35.8125	0.048615
2958	69.5625	35.8125	0.049768
2959	69.6875	35.8125	0.023837
2960	69.8125	35.8125	0.015771
2961	69.9375	35.8125	0.029372
2962	70.0625	35.8125	0.027972
2963	70.1875	35.8125	0.023993
2964	70.3125	35.8125	0.009278
2965	70.4375	35.8125	0.014492
2966	70.5625	35.8125	0.008412
2967	70.6875	35.8125	0.012287
2968	70.8125	35.8125	0.009444
2969	70.9375	35.8125	0.008268
2970	71.0625	35.8125	0.025868
2971	64.1875	35.6875	0.051155
2972	64.3125	35.6875	0.049482
2973	64.4375	35.6875	0.042540
2974	64.5625	35.6875	0.039539
2975	64.6875	35.6875	0.033584
2976	64.8125	35.6875	0.024209
2977	64.9375	35.6875	0.025285
2978	65.0625	35.6875	0.033115
2979	65.1875	35.6875	0.038277
2980	65.3125	35.6875	0.044139
2981	65.4375	35.6875	0.025521
2982	65.5625	35.6875	0.011990
2983	65.6875	35.6875	0.016249
2984	65.8125	35.6875	0.016642
2985	65.9375	35.6875	0.026072
2986	66.0625	35.6875	0.036642
2987	66.1875	35.6875	0.028295
2988	66.3125	35.6875	0.006440
2989	66.4375	35.6875	0.018278
2990	66.5625	35.6875	0.023006
2991	66.6875	35.6875	0.015016
2992	66.8125	35.6875	0.021021
2993	66.9375	35.6875	0.044446
2994	67.0625	35.6875	0.030900
2995	67.1875	35.6875	0.023304
2996	67.3125	35.6875	0.026639
2997	67.4375	35.6875	0.022156
2998	67.5625	35.6875	0.020874
2999	67.6875	35.6875	0.024731
3000	67.8125	35.6875	0.015594
3001	67.9375	35.6875	0.024492
3002	68.0625	35.6875	0.013712
3003	68.1875	35.6875	0.056031
3004	68.3125	35.6875	0.056767
3005	68.4375	35.6875	0.014645
3006	68.5625	35.6875	0.031620
3007	68.6875	35.6875	0.048156
3008	68.8125	35.6875	0.050706
3009	68.9375	35.6875	0.046600
3010	69.0625	35.6875	0.054742
3011	69.1875	35.6875	0.063704
3012	69.3125	35.6875	0.066773
3013	69.4375	35.6875	0.059317
3014	69.5625	35.6875	0.032294
3015	69.6875	35.6875	0.015040
3016	69.8125	35.6875	0.018166
3017	69.9375	35.6875	0.011881
3018	70.3125	35.6875	0.026502
3019	70.4375	35.6875	0.027130
3020	70.5625	35.6875	0.016941
3021	70.6875	35.6875	0.005944
3022	70.8125	35.6875	0.011803
3023	70.9375	35.6875	0.020474
3024	71.0625	35.6875	0.022839
3025	64.3125	35.5625	0.016789
3026	64.4375	35.5625	0.011588
3027	64.5625	35.5625	0.006175
3028	64.6875	35.5625	0.014715
3029	64.8125	35.5625	0.014007
3030	64.9375	35.5625	0.007836
3031	65.0625	35.5625	0.014082
3032	65.1875	35.5625	0.021582
3033	65.3125	35.5625	0.019657
3034	65.4375	35.5625	0.012742
3035	65.5625	35.5625	0.019341
3036	65.6875	35.5625	0.021469
3037	65.8125	35.5625	0.014614
3038	65.9375	35.5625	0.018202
3039	66.0625	35.5625	0.010814
3040	66.1875	35.5625	0.007949
3041	66.3125	35.5625	0.018901
3042	66.4375	35.5625	0.015343
3043	66.5625	35.5625	0.013140
3044	66.6875	35.5625	0.036936
3045	66.8125	35.5625	0.041512
3046	66.9375	35.5625	0.021504
3047	67.0625	35.5625	0.004923
3048	67.1875	35.5625	0.005876
3049	67.3125	35.5625	0.005450
3050	67.4375	35.5625	0.013013
3051	67.5625	35.5625	0.022754
3052	67.6875	35.5625	0.024830
3053	67.8125	35.5625	0.017563
3054	67.9375	35.5625	0.027947
3055	68.0625	35.5625	0.043671
3056	68.1875	35.5625	0.043516
3057	68.3125	35.5625	0.011480
3058	68.4375	35.5625	0.056076
3059	68.5625	35.5625	0.073864
3060	68.6875	35.5625	0.087374
3061	68.8125	35.5625	0.090476
3062	68.9375	35.5625	0.079481
3063	69.0625	35.5625	0.052654
3064	69.1875	35.5625	0.034053
3065	69.3125	35.5625	0.022557
3066	69.4375	35.5625	0.004159
3067	69.5625	35.5625	0.017308
3068	69.6875	35.5625	0.015345
3069	69.8125	35.5625	0.027228
3070	70.5625	35.5625	0.014488
3071	70.6875	35.5625	0.032086
3072	70.8125	35.5625	0.040829
3073	70.9375	35.5625	0.033465
3074	64.3125	35.4375	0.031522
3075	64.4375	35.4375	0.037239
3076	64.5625	35.4375	0.032547
3077	64.6875	35.4375	0.024311
3078	64.8125	35.4375	0.022301
3079	64.9375	35.4375	0.022769
3080	65.0625	35.4375	0.016041
3081	65.1875	35.4375	0.010659
3082	65.3125	35.4375	0.011905
3083	65.4375	35.4375	0.008712
3084	65.5625	35.4375	0.009047
3085	65.6875	35.4375	0.006086
3086	65.8125	35.4375	0.007312
3087	65.9375	35.4375	0.013884
3088	66.0625	35.4375	0.006284
3089	66.1875	35.4375	0.020617
3090	66.3125	35.4375	0.016006
3091	66.4375	35.4375	0.016861
3092	66.5625	35.4375	0.040958
3093	66.6875	35.4375	0.030140
3094	66.8125	35.4375	0.017406
3095	66.9375	35.4375	0.012371
3096	67.0625	35.4375	0.007557
3097	67.1875	35.4375	0.006969
3098	67.3125	35.4375	0.003888
3099	67.4375	35.4375	0.029634
3100	67.5625	35.4375	0.031183
3101	67.6875	35.4375	0.022422
3102	67.8125	35.4375	0.022010
3103	67.9375	35.4375	0.020382
3104	68.0625	35.4375	0.006957
3105	68.1875	35.4375	0.027360
3106	68.3125	35.4375	0.065612
3107	68.4375	35.4375	0.068376
3108	68.5625	35.4375	0.055109
3109	68.6875	35.4375	0.046051
3110	68.8125	35.4375	0.027981
3111	68.9375	35.4375	0.022913
3112	69.0625	35.4375	0.027957
3113	69.1875	35.4375	0.039450
3114	69.3125	35.4375	0.058426
3115	69.4375	35.4375	0.048135
3116	69.5625	35.4375	0.019655
3117	69.6875	35.4375	0.027104
3118	70.5625	35.4375	0.027653
3119	70.6875	35.4375	0.037893
3120	70.8125	35.4375	0.043016
3121	70.9375	35.4375	0.041065
3122	65.4375	35.3125	0.008896
3123	65.5625	35.3125	0.009047
3124	65.6875	35.3125	0.008187
3125	65.8125	35.3125	0.012134
3126	65.9375	35.3125	0.014822
3127	66.0625	35.3125	0.015034
3128	66.1875	35.3125	0.022159
3129	66.3125	35.3125	0.000454
3130	66.4375	35.3125	0.026928
3131	66.5625	35.3125	0.025410
3132	66.6875	35.3125	0.008303
3133	66.8125	35.3125	0.002592
3134	66.9375	35.3125	0.013022
3135	67.0625	35.3125	0.012027
3136	67.1875	35.3125	0.015353
3137	67.3125	35.3125	0.015239
3138	67.4375	35.3125	0.038525
3139	67.5625	35.3125	0.030283
3140	67.6875	35.3125	0.022145
3141	67.8125	35.3125	0.032881
3142	67.9375	35.3125	0.038654
3143	68.0625	35.3125	0.049172
3144	68.1875	35.3125	0.061551
3145	68.3125	35.3125	0.059440
3146	68.4375	35.3125	0.034126
3147	68.5625	35.3125	0.005556
3148	68.6875	35.3125	0.028014
3149	68.8125	35.3125	0.057927
3150	68.9375	35.3125	0.060483
3151	69.0625	35.3125	0.060567
3152	65.4375	35.1875	0.020532
3153	65.5625	35.1875	0.016601
3154	65.9375	35.1875	0.011284
3155	66.0625	35.1875	0.009007
3156	66.1875	35.1875	0.026403
3157	66.3125	35.1875	0.020922
3158	66.4375	35.1875	0.014247
3159	66.5625	35.1875	0.019695
3160	66.6875	35.1875	0.016881
3161	66.8125	35.1875	0.010518
3162	66.9375	35.1875	0.011489
3163	67.0625	35.1875	0.009644
3164	67.1875	35.1875	0.009050
3165	67.3125	35.1875	0.008640
3166	67.4375	35.1875	0.028913
3167	67.5625	35.1875	0.029154
3168	67.6875	35.1875	0.036264
3169	67.8125	35.1875	0.041675
3170	67.9375	35.1875	0.037217
3171	68.0625	35.1875	0.029775
3172	68.1875	35.1875	0.030281
3173	68.3125	35.1875	0.009056
3174	68.4375	35.1875	0.031060
3175	68.5625	35.1875	0.051627
3176	68.6875	35.1875	0.060846
3177	68.8125	35.1875	0.049302
3178	69.0625	35.1875	0.043975
3179	66.0625	35.0625	0.001892
3180	66.1875	35.0625	0.008858
3181	66.3125	35.0625	0.014782
3182	66.4375	35.0625	0.016059
3183	66.5625	35.0625	0.004223
3184	66.6875	35.0625	0.021721
3185	66.8125	35.0625	0.022270
3186	66.9375	35.0625	0.008894
3187	67.0625	35.0625	0.010139
3188	67.1875	35.0625	0.010366
3189	67.3125	35.0625	0.008946
3190	67.4375	35.0625	0.011164
3191	67.5625	35.0625	0.010451
3192	67.6875	35.0625	0.006992
3193	67.8125	35.0625	0.013725
3194	67.9375	35.0625	0.018517
3195	68.0625	35.0625	0.015493
3196	68.1875	35.0625	0.019600
3197	68.3125	35.0625	0.016010
3198	68.4375	35.0625	0.026184
3199	68.5625	35.0625	0.030776
3200	66.0625	34.9375	0.012515
3201	66.1875	34.9375	0.015330
3202	66.3125	34.9375	0.013932
3203	66.4375	34.9375	0.006227
3204	66.5625	34.9375	0.016986
3205	66.6875	34.9375	0.005177
3206	66.8125	34.9375	0.022533
3207	66.9375	34.9375	0.026358
3208	67.0625	34.9375	0.019728
3209	67.1875	34.9375	0.010526
3210	67.3125	34.9375	0.009325
3211	67.4375	34.9375	0.011133
3212	67.5625	34.9375	0.017295
3213	67.6875	34.9375	0.015293
3214	67.8125	34.9375	0.012364
3215	67.9375	34.9375	0.012079
3216	68.0625	34.9375	0.019803
3217	68.1875	34.9375	0.013656
3218	68.3125	34.9375	0.013061
3219	66.1875	34.8125	0.012100
3220	66.4375	34.8125	0.019814
3221	66.5625	34.8125	0.005061
3222	66.6875	34.8125	0.018299
3223	66.8125	34.8125	0.011325
3224	66.9375	34.8125	0.005773
3225	67.0625	34.8125	0.010662
3226	67.1875	34.8125	0.016354
3227	67.3125	34.8125	0.012645
3228	67.4375	34.8125	0.004310
3229	67.5625	34.8125	0.009442
3230	67.6875	34.8125	0.018094
3231	67.8125	34.8125	0.025297
3232	67.9375	34.8125	0.030032
3233	68.0625	34.8125	0.018827
3234	68.1875	34.8125	0.002555
3235	68.3125	34.8125	0.003581
3236	66.5625	34.6875	0.011359
3237	66.6875	34.6875	0.006588
3238	66.8125	34.6875	0.012939
3239	66.9375	34.6875	0.011794
3240	67.0625	34.6875	0.012166
3241	67.1875	34.6875	0.007523
3242	67.3125	34.6875	0.008091
3243	67.4375	34.6875	0.016538
3244	67.5625	34.6875	0.021894
3245	67.6875	34.6875	0.027981
3246	67.8125	34.6875	0.029044
3247	67.9375	34.6875	0.022552
3248	68.0625	34.6875	0.014263
3249	68.1875	34.6875	0.007292
3250	66.6875	34.5625	0.010681
3251	66.8125	34.5625	0.010325
3252	66.9375	34.5625	0.010266
3253	67.0625	34.5625	0.014108
3254	67.1875	34.5625	0.014652
3255	67.3125	34.5625	0.014583
3256	67.8125	34.5625	0.013716
3257	67.9375	34.5625	0.022916
3258	68.0625	34.5625	0.021512
3259	66.6875	34.4375	0.007208
3260	66.8125	34.4375	0.007439
